10888
4625
8737
5639
9741
3986
4552
4280
7734
3064
3086
1849
9556
4471
10547
7998
1014
8515
5809
12356
11960
1355
11087
7864
3031
11490
10254
2377
3534
12159
4150
4424
1798
1220
9337
5306
5067
7891
7815
1346
2819
4525
7666
10823
10062
10332
5347
9507
1952
10174
3967
5325
8280
530
11907
8588
315
7288
1847
12418
3473
821
3041
3265
4140
7122
5718
10151
177
3500
2928
5000
1881
2236
4615
7254
10000
9749
651
5623
1167
2409
5266
646
7638
4497
6795
2918
5510
9109
5048
3210
11825
1592
11572
9792
9959
6463
10070
7873
5503
7923
7907
142
9553
5
2333
5053
9433
9369
2772
7263
1610
9240
11854
9151
5513
10697
8286
3087
526
1841
9531
297
10480
1205
4796
9217
4556
6082
9168
5375
7561
1836
10107
788
5593
6217
12429
12341
6149
6390
2205
3565
5759
8405
11238
8238
9406
656
10719
2911
10896
5247
4484
9693
10439
3186
11122
10997
7206
4013
7497
3940
8606
4181
3465
451
1325
3494
2282
8185
10661
5020
6898
3533
3252
3120
1739
8793
3495
7591
11818
4989
4149
139
4481
10718
5295
6244
7298
6063
8759
7865
1567
5007
881
8466
9817
10914
9527
2229
5938
3827
2487
4008
10149
11706
6650
2219
1864
10414
9951
1731
9062
3016
7409
2156
11162
3906
7702
8269
1466
5167
7522
35
9422
11516
6256
2513
11635
8988
7894
11786
3331
7817
12257
2727
6212
6076
3652
8235
1734
6377
6349
3324
10178
7892
3868
275
10598
11755
2421
9539
12101
4333
1677
6627
8635
5204
4719
12209
1637
1924
12282
10944
6281
5156
8300
1795
4145
8140
2536
11273
3635
2685
10056
7710
1457
8022
1566
9386
11235
7582
6788
432
2861
12290
12032
10485
5136
7347
11168
11926
4703
11024
11187
8330
4841
6183
1174
6206
8583
2996
660
1998
2755
105
10378
4274
2841
5193
5810
10375
2321
8026
9616
4825
1420
9532
4220
4819
3474
11569
4403
2678
11276
8883
4715
12433
12222
5963
11132
5318
3316
9953
9399
4779
11422
9404
1694
5538
4912
427
2520
4379
2736
6267
3683
537
5526
4706
10148
2157
10640
10777
2620
11531
10311
11562
671
7881
4369
4583
216
591
4025
5138
10447
10613
8074
387
298
5795
7209
7682
3018
7681
207
64
1127
380
5984
9760
6521
985
5488
2237
5430
10482
567
9902
9357
45
7897
11054
5427
1258
12495
5900
8069
3987
9228
1797
4682
7138
9724
7611
1121
10353
11389
304
9559
5065
2280
1238
9398
10100
3926
3236
4316
5660
11600
3799
1647
2114
10061
12303
2721
11971
10744
5953
1749
10543
11496
5808
5807
1227
8501
1582
9376
11013
7487
10291
7070
7613
6353
12193
8324
8162
1203
9921
401
9353
2031
7926
10596
2289
10506
1728
10983
10303
11790
8306
8227
2695
12109
3642
3263
8922
10552
6443
194
3670
4713
7101
12326
6831
9198
6290
9076
1485
11927
5110
628
1322
10750
6616
6875
9058
1925
8163
330
1397
956
5682
5542
5372
11513
8044
5481
8165
10726
4224
12199
12442
7492
10577
6755
1513
1805
9479
6133
12292
2892
2113
9258
7133
5779
7352
3310
7704
3865
1069
12470
9883
8176
509
411
3321
1441
9716
48
869
3067
3015
10563
6288
6498
9790
6632
3381
1901
7831
7572
5737
8755
11142
4884
6272
10953
2107
9865
11487
6480
10393
1736
1947
7468
6048
7643
3130
1663
5636
2494
7041
12238
10794
8382
9005
1741
11931
1781
5414
4337
4813
9020
4737
675
4048
6275
5474
10818
6721
11322
6607
901
2864
2141
4027
4702
753
959
5829
516
5127
4477
4453
12054
724
3261
8404
9075
9077
11364
8775
7697
4966
7121
8602
6600
9585
3194
8231
5028
2670
5893
9359
3183
6926
4467
9051
2001
2334
4238
6918
9717
8101
7658
6261
7781
8021
6829
2595
8009
10877
10389
8142
11972
11761
11826
7365
1883
7538
7544
6221
7557
11778
4372
5522
1977
739
4527
756
3326
136
4096
1690
4849
501
6751
10631
11594
5980
1525
2827
1742
1887
8714
9697
8400
10066
2320
8748
381
9725
2544
7650
6526
1217
6105
5514
3251
8958
8353
1638
8077
7648
4732
5853
5131
10687
4292
8127
10523
4895
1909
1786
5261
3301
4198
3458
10615
277
9345
10281
10007
3272
8039
836
6365
4254
8005
11018
10683
10420
4642
7793
1602
5194
4994
4414
8907
4451
11338
12333
7118
3789
10522
11287
10751
12102
10990
10194
7932
9926
4074
1906
5570
2276
2738
2667
5446
8132
1710
9300
1473
4017
11259
2243
2504
11222
4903
11134
1400
10097
3036
10477
7596
5364
4241
8954
6785
3659
6113
5037
6956
10946
8114
2599
1031
3416
4012
5401
10690
4973
10113
5495
9306
4967
7545
3996
3042
4635
2173
7733
5422
7624
6656
7743
2174
9396
4801
6867
11343
6705
10936
1093
5225
8121
10595
116
6489
5546
5134
1080
11460
5312
2750
6439
11769
4976
8066
4160
2590
2449
2837
12224
11744
8345
5353
11191
5533
9082
9001
10797
11839
6965
1583
11808
1555
7081
10721
3931
1689
1337
2967
5541
361
7360
6572
301
3038
1194
11202
3365
4638
12133
6850
6042
10554
8822
3575
5456
12227
5519
8025
7916
2759
6211
5782
11126
4517
7555
8888
7098
8506
5747
10665
4839
661
9288
8010
7389
6693
12255
5785
1150
1630
7823
7598
3413
5945
7295
11546
267
5177
488
6839
3202
10828
11137
4156
8135
6120
478
6877
1916
1811
250
9695
5382
4927
8772
5651
12321
822
2418
2152
7543
5887
8508
11532
11112
8156
2942
12142
1658
6227
11252
10973
11105
12475
8952
11425
2086
3616
10778
6948
9886
832
2120
5313
5072
12088
2576
4914
1687
2968
11144
9026
7556
3269
4420
12251
11698
9739
55
1339
1239
214
5208
2751
10138
12048
11983
7796
325
1017
1815
12221
7173
2820
3379
3724
2400
4774
6294
12386
4214
9165
3960
10865
1994
1754
10349
2414
5329
10743
8392
10431
220
8691
2621
1085
10496
10630
4136
8853
1862
11966
3039
6658
9550
5223
4613
6760
11858
8200
7606
2594
2423
5115
3712
10172
2980
2411
2534
2233
1725
9007
6874
2422
7609
2745
11687
11417
2076
3772
5469
6784
10302
12497
9028
6258
421
3839
687
11504
11716
50
1403
6446
1942
7405
1824
8318
4532
5442
251
4876
11109
6375
6575
1928
1497
5664
988
12053
1570
10574
12382
10811
1401
10445
2792
4431
7322
6093
8688
161
12383
11763
3975
6910
856
3295
11383
4194
11502
4999
364
2801
153
11391
9638
6704
7327
7279
6811
1241
422
9334
4289
5038
6289
6605
5448
328
4853
9856
6426
4354
10964
6024
4057
4946
6372
9678
8129
1761
1526
957
4817
7676
3193
243
7690
1608
4352
12361
11052
4807
6491
7987
1052
9220
6943
6972
3300
9162
2316
4223
6355
4113
5504
6440
8174
5802
11739
12120
5940
11934
4344
6780
2672
9898
11738
6684
9152
9017
9583
989
3949
10190
11642
12248
11239
6858
1660
9682
9688
9467
1468
7480
6828
7180
76
7027
12103
6159
5367
12188
4276
909
1945
12355
9364
11665
1722
2186
10002
3105
11736
8735
1345
1985
4416
7311
7140
12220
10222
8574
2085
2359
9219
7382
4264
9206
3394
5886
9188
4288
8456
682
11053
11573
2978
62
10768
7204
6862
7472
10909
2175
4831
8339
4479
3856
11503
7200
8014
5277
592
5661
9847
11901
7884
2522
6203
11208
6876
4765
9528
4248
182
4018
852
5695
3071
2578
2835
6127
11258
10566
5433
4483
4590
4835
10959
6079
597
3982
11715
3749
4510
253
8806
5828
5524
10304
11435
711
2342
12476
9900
7633
10885
8797
9543
3668
6410
1549
12072
11110
10142
8787
11455
4179
4593
10966
11671
6170
1479
10904
8841
1324
9619
5752
8666
10272
7608
2101
5366
8800
6649
3214
12083
11095
1804
11969
6380
6270
10607
10614
5867
9730
11527
6038
400
120
397
7215
1953
6675
2288
7384
5158
3612
6996
8408
10863
11581
10530
9692
11505
1257
8625
8707
2808
5797
10916
12033
2516
6604
4883
8531
9540
11940
6661
6920
10658
8435
7417
204
11036
1168
2645
2500
6541
8887
4795
3098
6096
5564
1604
9558
9445
1697
6529
8311
1259
3554
10023
9567
9202
11784
1635
8620
6175
1030
2254
3826
11757
884
12108
8437
2250
10253
122
3980
496
8764
6015
10511
3502
729
6667
1527
12451
10156
8498
11964
5632
723
11175
10286
9291
7640
915
3808
8133
9771
6953
11783
11493
11898
7560
2816
761
7635
10397
4863
2505
5380
4864
156
9385
6371
4061
1219
8708
3810
10399
1518
4427
10727
1425
1800
6983
9368
11605
8899
2133
10806
10805
94
8243
783
7306
2811
2565
8914
10277
5567
2608
10460
7575
10503
8278
2977
4623
3066
1506
8539
292
4705
888
4454
5050
4302
11336
7115
4880
3531
12422
249
6892
6717
11204
5397
10108
6594
11178
2408
8541
10157
2815
4908
9186
12414
5592
4636
5102
9099
12149
11071
10602
1915
144
7148
1406
2730
12378
782
7584
6552
12478
3442
2694
5978
2065
2293
7670
4052
6500
4980
12069
9955
19
6683
9455
9041
11661
10759
7665
9889
10094
11404
7078
11042
7452
2299
5950
12436
6819
890
10054
8233
11580
3707
7716
7039
12363
2130
9493
3643
3467
786
514
7972
7141
4678
5045
10948
9185
11909
3716
5135
11019
7471
2170
7338
5764
10775
5939
7198
5062
12157
8567
11025
543
10081
4971
6608
5049
7714
4691
7007
2953
10589
12085
11106
9216
8461
8175
10364
11536
4679
10354
1212
4097
6034
641
6030
8694
12121
11446
8463
8912
2855
1735
34
5723
4652
7495
5967
5159
223
208
9738
6682
10642
6474
7188
4293
3629
7803
10692
5528
11186
7272
260
7444
4004
9286
6838
10052
2813
5543
12023
9946
9416
6035
623
11906
12132
12007
1799
10125
3305
10737
12136
3837
9997
10035
3275
11890
245
1621
11423
6821
5988
8561
10330
10862
3755
7747
6247
12082
7617
10385
2459
8977
5826
1447
10879
1180
8835
5814
193
11544
10410
12195
2557
673
4809
1015
9316
4368
6629
4357
11525
7513
2020
10732
8604
3602
9146
1657
10517
4208
5554
12408
7641
10467
3901
7208
4053
10204
6990
3014
12134
7516
8527
10314
4063
12196
7053
10154
765
11495
11047
609
3663
10961
12285
11045
241
1603
9183
654
2851
6579
8307
9990
6086
3092
3999
5483
5860
9378
11494
1098
3702
12201
7333
8934
10982
2889
232
2776
7900
1305
9705
898
4440
10555
8427
4744
3854
12374
10309
9629
2261
1434
4659
9208
248
6841
8705
6623
2733
749
3170
8926
8535
10612
10874
560
1108
1932
6757
12462
3262
4340
5279
1656
2830
5129
2039
4977
3872
10922
6779
4707
8337
10889
392
515
4879
3714
3359
11711
2823
10380
10897
9102
3287
7303
5595
7859
6162
8848
5022
12181
5657
8046
2146
9439
7533
5741
1744
10669
9380
10868
2081
9421
6492
8560
5754
11962
1130
6340
5560
1410
1189
6099
1655
3158
3756
10266
6271
571
11813
8747
6516
3543
1451
2732
9834
8141
936
4434
3070
7416
7651
9232
3896
10748
8384
5128
4633
9762
797
1820
9107
8363
8940
8244
5211
8375
5982
5301
6725
1640
1595
9576
7849
2089
7918
3941
5702
4419
3572
11593
11888
6883
3710
9694
9068
10269
140
281
228
3222
3998
4341
6328
4428
4332
4828
10359
9761
2693
6471
2210
8346
4751
5212
8315
333
7959
607
10440
4616
12344
12399
9046
4689
12241
1850
605
7720
7691
151
4315
3174
1817
7592
1058
8394
9980
1766
9304
2800
2006
2345
3647
6778
2919
1695
11418
11477
8874
8845
7255
546
600
9210
10073
9577
3132
2847
8816
10042
1960
2760
11804
1691
2711
11127
3238
1641
7175
3374
2923
7221
10625
8027
3699
2454
8786
7186
640
9989
5999
8713
2886
11638
12338
6005
9366
11817
1873
2436
1049
12183
2773
9384
1160
2547
11027
5692
1089
1412
2111
7410
7114
10203
3274
7439
12259
9949
7777
8549
10106
7162
1011
5196
11001
8277
11984
5933
5630
733
7287
2036
4225
9991
11406
6222
8630
2275
11557
10394
6346
3524
7159
11864
8791
1213
986
1455
7628
11232
10248
2515
12353
2682
3344
8334
5370
11386
5244
5450
7380
10032
4834
3845
10109
12350
9720
3795
12246
5001
6313
6937
157
8206
9956
8081
2326
8658
96
10245
2934
5923
2135
3469
9052
7077
10430
2468
11039
8495
7166
7346
8763
4003
1231
7486
12471
10606
7822
8654
7652
3660
12426
327
1463
8374
11815
8750
5253
3327
7093
6457
4582
7094
8272
2747
5300
8317
11068
6628
5354
4038
10536
9375
3992
3221
5246
2090
792
3979
201
3648
485
6801
4005
2489
2405
3510
1323
768
2203
176
5245
10373
7475
10955
2556
11194
12006
10313
4270
1920
4597
3607
3325
238
9436
3793
519
11861
10242
5896
4533
6131
8333
7339
6068
3482
9249
9317
4131
6254
4840
8996
2708
9117
616
7100
8987
3928
7107
3307
5555
8373
5761
2867
12040
2305
10327
11668
3104
11956
3133
3271
10694
11016
10104
8776
10494
669
4871
8778
118
4041
6919
11301
6954
11114
9769
6354
11700
5697
11367
2926
4569
7234
8994
9853
4675
3555
1755
5638
9427
3925
8739
4207
2138
9899
10278
11946
8519
12366
1899
5605
826
680
1732
338
3684
3443
9081
5994
1335
5305
4762
10651
1392
4324
4969
5157
8322
4674
8168
8455
4673
7302
6997
8689
2804
7692
684
8254
5029
11623
1569
9250
10144
10906
4798
8072
2268
4356
1181
12449
4858
4157
10357
11620
2338
850
8051
9010
3844
10387
7979
11564
8564
1895
1957
2485
11332
299
6238
7867
2318
3490
2314
7010
4144
993
7577
3746
10784
8035
7945
6522
11872
5294
2311
4306
10706
3114
1522
748
10850
11266
1514
5143
7285
6458
12118
4621
2482
6304
3472
7437
1706
2462
4658
1051
632
5385
4076
4142
4212
3284
9452
2865
2729
2735
4370
9515
9411
6966
11074
12482
3062
113
8403
5357
4956
6237
4595
9932
7062
12302
3347
4462
2777
10452
7962
8250
377
1747
9253
6768
11855
2335
8523
5008
714
3278
9238
1169
7797
6185
425
2642
7936
3693
11370
6998
12388
12205
11720
12459
6612
557
7581
7943
8944
11240
6421
4247
12014
5498
7371
7904
11060
9015
823
8390
1047
9937
5094
2774
2563
3229
12492
1275
8462
8569
7534
10472
9497
11228
6249
9803
5665
10604
3921
9233
9721
9009
5286
3519
1369
5816
6761
5189
9340
7428
4410
5150
10305
1814
256
7531
7775
12078
5200
11170
1769
6646
1394
6324
2842
8927
10116
7530
2030
2603
3741
4475
5391
9252
966
8619
5195
10406
6118
5617
2829
5678
7222
1245
3198
3675
9909
3731
4068
7283
9970
913
2690
1196
11221
2385
12217
6669
130
5418
11678
1653
848
1261
11415
12410
7647
5477
125
10469
8605
9155
12186
8470
11599
899
1333
5339
28
8159
7499
5627
10402
9882
6517
6157
2527
1767
11361
10987
11501
11742
9925
9132
4088
11337
951
5275
1016
1003
6461
10715
5440
1319
10995
12474
4545
4587
1636
9388
9994
406
1760
5393
4536
200
4767
12354
7909
4749
10400
11751
1613
4712
4894
7895
2890
3237
6980
9846
5148
10239
11612
977
3456
1094
1918
2749
4126
10905
1327
2145
12229
10653
10935
10671
5403
5408
11205
1301
635
6337
11056
2300
8064
1430
1115
4216
11356
1521
8230
3639
8079
4425
2572
3796
2168
9621
12278
11002
8766
3666
12479
10334
9248
5460
212
3055
1629
10773
10217
2902
10267
1688
1188
6077
219
4199
8647
2868
11754
7689
4079
11086
2098
1136
11576
3207
7104
8746
7249
1154
854
11398
5021
5064
1331
2538
370
6641
9032
7711
4120
7014
11362
11900
4085
3608
3427
6280
7905
2878
795
12231
63
4125
2764
5441
1175
4919
5840
9650
8454
4933
6141
3847
6483
10571
5251
6061
11416
2148
10308
1956
7394
9657
12236
4526
7500
2683
6909
3562
1053
7903
719
10996
5655
4926
11675
7910
285
9961
6269
3160
2343
8566
1816
4540
6309
7759
7011
1639
1626
12022
11492
11072
12469
12173
8655
874
375
11290
694
9355
5201
7779
7142
12091
914
2136
3754
1535
6502
6449
10117
9060
7514
3052
7963
10605
9148
1784
11359
456
10808
10535
8801
1794
4185
9105
2982
6895
539
1923
10084
5155
4031
0
7450
569
2433
4648
261
4070
818
9482
7521
5428
3322
1060
918
4750
6085
6645
10029
3631
423
3264
11756
9370
6592
4167
8031
10365
5545
6014
5137
2435
1771
8773
499
2037
7024
6598
2200
3694
6400
9501
2684
8720
1120
229
2795
7047
5280
8813
5084
58
5685
3529
6347
7134
2843
9193
8851
4128
6379
6445
1780
1471
9836
5106
1177
8264
8349
7334
4044
5681
6551
5946
2586
41
4836
5745
3669
9487
11948
2469
2932
6405
11762
8310
2242
5727
9179
10673
5175
8968
6055
10275
9624
10791
11933
5520
2383
3486
8788
4043
9839
3110
9799
3178
5679
2372
3812
7281
9561
2149
7699
6273
3590
10560
225
5185
4758
11545
1746
10927
10859
5890
6101
7536
4993
11461
2277
7315
11550
11775
2618
1713
6561
9095
7830
9275
7124
763
3983
6563
6796
4392
6665
10368
5812
8415
6411
3422
10421
11049
5671
3622
1366
7485
25
11358
11308
9362
7080
8823
8125
11044
8698
6732
9860
5551
4334
6753
2208
404
11655
3726
11747
11155
8327
6315
3475
4408
7974
9287
3477
2000
3553
11853
9229
11108
2766
5694
1114
7454
11924
11772
6383
4132
5943
11628
3579
12068
10072
9866
191
1187
10376
8422
4468
1340
9465
11225
5709
3434
5862
1283
54
4262
7955
9555
8948
588
9212
3781
3914
8284
8877
8359
6706
5516
12184
2182
3935
604
4645
6617
39
6703
6236
2336
5219
7277
3677
5825
1937
8045
10495
6153
6793
11640
8590
1171
8155
3778
6583
5412
845
9984
11037
10074
6881
12477
8804
4889
3889
2465
4923
8553
3033
6387
2204
1962
5432
11209
5457
1648
10069
5572
6887
5121
2437
11719
4521
6161
581
4806
4902
10396
3228
4495
3570
4345
3587
12351
3573
8401
2643
9837
172
751
1776
7318
8579
3948
6422
11062
10739
6637
6087
4646
3934
3878
9409
6234
11303
3962
5777
3804
11552
8817
11135
7712
7567
4069
2921
2142
6367
10009
4592
9329
5341
10830
3314
2609
6678
8517
841
11090
3460
2051
9861
6191
3466
10112
6666
4383
2251
1537
960
1649
4938
1995
5818
4787
1896
8414
1318
6384
11788
9279
2809
6301
6028
11432
11691
4023
8862
3664
6150
7344
8692
12369
1113
2185
12172
11076
10426
7653
4570
7839
3111
4118
9127
1675
1758
12265
8719
4175
2328
11080
5512
8783
1383
2394
5435
697
5625
12052
10499
1352
7286
9907
4002
5451
6824
6424
7422
6025
9083
12360
9100
9173
1987
8019
4833
472
5965
2908
688
4563
8542
9934
11957
12392
2427
2920
12430
2061
10170
2088
9646
1964
11951
4701
1311
2052
1025
3769
4686
11038
4010
11653
8682
4129
6914
1581
7275
10926
5066
11575
5268
8939
7456
12096
11218
6128
11130
10578
580
5586
10031
11201
10471
3480
8493
4040
7558
897
8060
5290
10130
9835
994
4865
3089
5549
5005
1572
6791
12059
5169
10518
2734
12425
2407
3576
7398
11151
1773
7735
10749
10581
5786
6803
5517
7627
4172
3430
9545
11723
10160
9595
12187
5947
3234
5683
4837
4385
1712
9689
5842
6138
3541
9131
10475
2003
9348
11980
7809
6080
6010
4869
3605
7139
11625
6571
3946
9214
4639
10134
8166
5858
611
7273
4473
3200
11249
6107
12487
1543
2903
5272
11644
2626
11596
8211
10925
11253
6398
3211
5668
9975
10230
1274
3007
2662
5371
7667
9751
7993
10876
7050
7862
312
12197
3588
11392
351
188
5717
2153
10540
8217
6845
10191
3566
8896
5506
7131
3423
2150
6857
4268
523
10976
213
5909
3560
4461
6808
3079
12111
11246
9125
7016
2673
8721
10442
1863
4295
8430
9935
7890
9078
853
5322
3179
1054
3750
3266
7235
271
5611
4972
9084
9192
5755
3678
11454
1704
11255
8209
5315
1796
6596
5604
6473
10917
2308
2291
11400
7546
11679
8966
9122
649
2125
5278
7057
2458
3449
3296
8131
9569
1462
7871
8383
12145
11735
175
6000
12463
7876
7636
11469
7441
10162
4422
7110
8447
9135
4202
5911
3869
10567
1933
7481
4381
92
3760
9607
1332
8193
11887
12185
6054
3059
2068
7152
677
8457
9047
10675
6837
5100
11414
11147
7828
7099
10709
5013
10981
12013
8109
3017
6299
6108
3765
5926
3127
9988
10872
5527
85
954
1585
10059
2470
8319
10053
10076
1665
10911
1502
7790
192
4514
2510
9350
6638
2669
12200
6429
991
4030
11542
1763
5590
6774
10781
11161
6327
7483
8032
8651
11992
787
5170
2512
5838
3790
6591
6865
7607
3603
10458
5190
10932
7379
6707
6370
12494
5394
3525
4139
12339
2
3775
1511
805
8627
9347
11006
10246
4033
9496
886
11851
1303
10135
2094
1714
6178
8513
12368
306
4001
6112
9728
547
2770
9535
5693
4664
4854
33
3581
6925
111
11482
5333
9449
2393
6416
4211
4915
2463
2630
2616
10933
10120
9190
7065
12457
5263
7356
10173
7755
11347
8900
2129
1224
4269
2752
3497
10139
4170
1974
4271
12105
3154
9474
5599
3530
7111
7247
4221
10129
12110
2132
3461
3481
12465
10632
9658
3924
8925
4493
8629
6151
4780
7701
1210
2856
4346
5259
8998
8946
3662
9974
7674
8343
5791
12075
1793
1164
283
7685
7307
12158
5276
7414
4444
4670
2849
4739
2425
6615
5919
7922
407
5588
7071
6235
10271
6282
9614
3591
10998
1515
9785
10835
9180
8192
8410
3410
242
10075
1282
103
7837
4024
4622
11169
9115
5903
11834
5154
4867
3048
681
11231
7968
3697
9294
4029
7399
996
6158
11949
10757
3377
882
3399
2533
10179
12019
4843
732
3452
11206
2370
5344
9523
8532
7259
7174
3600
7981
3518
11465
6929
1997
3415
9120
12216
1893
1461
8866
5292
8717
9157
10085
7329
265
3955
11160
7178
9668
11731
11811
5675
5163
2714
4099
7832
10699
7583
11875
8643
9089
2611
7105
11055
173
1532
6278
6989
7395
10711
903
4442
2166
11941
11563
3448
6300
12372
3614
3595
4519
6742
3526
741
9827
1958
3885
11649
22
60
6976
5326
10429
8840
4287
3299
1791
5643
949
1556
2302
6620
1018
10498
9655
4485
6266
6318
5686
2916
10867
6864
6224
3846
8744
1293
6190
7383
7921
4163
7935
9767
1827
11905
4105
529
554
2722
11814
12234
612
7814
2388
8369
467
11659
11034
4960
4499
7364
6089
1226
9226
1271
12472
9268
95
770
11750
10473
6512
1826
5705
7570
10241
1499
2341
5899
8099
11237
3414
8738
12169
10136
6542
8263
12343
4062
2403
4768
12293
12232
7048
4081
10395
11282
3596
11793
598
2937
1371
5835
3163
10317
6789
5179
1528
8389
9690
222
2389
3811
4039
8478
7476
4958
11354
5080
11959
1086
9519
10869
2508
10299
4862
12299
701
9303
4016
12307
3723
796
11190
7400
4176
9426
1197
4393
1844
11098
3857
5044
1090
5603
4378
4190
2317
1422
11366
11031
7316
4663
2507
5337
5859
1117
5928
395
10014
9030
878
10520
6815
7880
9457
930
119
1363
4524
8480
3032
7232
455
262
7599
2945
3855
3984
447
6060
4778
2172
3542
6759
3027
10891
360
7393
2545
5775
9944
3672
6110
7856
1376
4436
3169
11069
8024
3927
9024
10747
11721
10573
10679
8479
59
804
272
9425
7620
1846
11096
4395
1507
6298
695
10788
6859
4957
3651
2263
4555
3512
10316
12017
11051
7182
9912
5942
7846
1929
11479
8130
3577
1381
6549
6728
568
4723
1007
6879
7388
589
10033
4698
1984
5648
3621
11234
6192
8802
7553
7324
7970
7517
11729
9498
5793
4218
6057
7323
9387
1845
12180
6826
1494
2707
3717
1102
8260
10488
4756
12432
8938
9112
12312
5342
3168
6701
1182
12010
2473
10790
9163
6511
946
8570
11340
9019
10608
4614
3289
7566
2124
10244
5918
6653
648
2503
2981
8683
3476
6359
9113
7551
5373
9088
6507
7026
5023
11242
8699
1248
704
10541
9684
7304
2605
10986
586
4647
3997
11848
6945
10795
2121
3280
3250
4249
3923
5680
4870
9538
3637
7425
8609
9757
735
1481
6095
806
8525
11124
5257
12393
6216
12176
3508
12011
1128
6844
706
3936
8096
9627
7253
9244
5949
752
5855
907
7494
8381
11028
2232
11346
4760
7827
5885
9444
4078
5850
2323
4661
10092
2477
10564
5704
8657
2269
3601
3932
10829
5389
4629
12328
4830
8409
10034
11210
4335
3298
7749
9111
10422
12028
3468
6765
6949
1250
7194
3358
9502
3072
12359
7079
4676
2022
2606
9715
11696
3785
1464
7276
565
1243
9231
6969
8632
5798
790
1140
11214
2652
2546
11350
9393
5924
1465
9023
1727
129
6827
1390
2651
1247
2083
11357
906
575
3900
4963
1393
2665
6733
5012
9964
2790
3849
11994
4226
10418
2524
1176
1068
6799
10355
10712
5402
7946
4255
2084
6350
3335
2955
5221
4882
534
3185
3489
691
210
4714
7991
7563
4677
12417
8292
1229
3082
3125
5684
11457
1442
11802
2082
2238
7085
11436
5733
9475
2629
1495
490
7850
4343
1684
5585
2452
3564
10807
27
4711
4465
9512
6130
8417
10838
8104
5114
11908
2344
9438
7529
10088
6984
4887
8329
6114
1854
6326
7589
3411
10006
10201
9040
2535
11363
11913
7887
341
8002
4459
3738
10361
4800
10742
9993
7092
11685
1456
9443
875
5120
2719
2617
8285
625
670
11314
11489
4890
6320
10736
2991
9209
12314
11850
5910
9914
7899
766
8521
5009
1297
10131
8202
8819
10432
10735
8530
9166
6479
2894
4032
608
4490
11407
6762
4671
8631
9050
124
10834
10510
7308
6047
2169
5047
10163
11582
7902
1384
11302
9703
10870
11758
6635
5765
8650
3696
2456
6660
1911
9568
9129
5844
11022
679
3028
6475
10182
10824
2960
10346
1643
1973
4900
4574
10188
12036
9683
1617
2058
10801
2054
12141
309
2155
9061
9225
2424
3685
5743
2339
493
9484
8936
9609
5863
6124
7833
8670
3383
2075
1808
10214
4115
837
3095
3496
683
10356
368
3378
10971
3815
2577
9242
4657
10102
3184
4177
7852
11223
4917
8668
7942
12030
11574
7614
6564
880
4931
6148
450
8794
8282
346
4943
4114
8844
2653
8042
10004
3732
86
9134
7312
9441
6747
8557
8911
3387
626
10416
2876
4006
11463
8799
12126
4824
8424
4183
399
708
8957
6196
3604
2416
4643
11987
5232
1612
12170
11746
8758
5350
5017
1156
1969
7754
8782
8949
929
12249
1419
2161
1142
393
5346
1560
7854
11529
1484
9390
2985
5074
7678
4308
7799
5647
10036
2167
5340
6958
9924
4855
5032
8882
11932
12441
8649
6689
6335
8640
9014
7427
10672
10124
8433
11760
8843
4189
7068
9469
365
8875
942
4371
1161
5898
4050
6834
8492
374
1783
904
10601
112
7236
5330
5390
4911
1950
8745
10030
10919
9947
6331
1935
4244
12178
11189
3737
7354
2044
6074
6106
3108
9753
737
3260
3887
2854
3429
4558
10155
3874
1536
1218
4881
8222
5667
32
4948
9814
5701
2990
1474
10611
585
4103
6602
3395
8116
4728
2935
9142
11583
1989
1004
10205
6295
5633
3780
3293
3851
1659
6394
10590
3351
12050
10451
5352
7376
2240
9454
1926
3242
11146
3405
6644
12164
2933
3824
1309
5034
8974
8299
11121
4230
2784
8030
11212
10128
9108
2891
11324
8290
5224
2853
9910
352
10900
9045
10401
7069
5951
6001
3254
2466
10532
10934
1981
6835
100
12444
5349
6139
78
10463
4133
5160
10761
1343
8226
11942
9667
3988
11684
8336
665
2497
11874
1470
8049
7941
8983
5149
4014
12260
5596
1745
5459
1598
2895
8153
11919
10193
503
7703
3617
87
2087
5222
8917
12499
11166
9612
3201
6310
11840
5453
4331
773
4210
8173
8533
5728
8365
446
7971
12062
1268
1517
3376
5957
1006
2860
2976
2668
12397
5601
10273
8321
3005
7630
3956
10126
1152
11274
9289
6905
2099
2549
4234
2262
10150
10285
5735
9018
3106
11100
11379
10425
11369
10443
7297
7875
5998
12175
3011
10105
11066
6121
1530
3286
11480
8128
11261
5343
6265
5198
8362
1254
7006
11486
6319
8070
9462
9911
6494
6374
2704
6172
9857
4388
6870
3150
10298
11547
9530
9167
633
6418
2199
9128
6735
8868
4940
8608
11032
9346
1028
6588
2023
6078
7218
3762
2625
8105
3792
5180
10710
3025
6412
10841
1944
9908
181
5471
5220
1510
11506
171
1967
8697
4046
2951
9736
1055
2227
7773
8335
8742
6482
1848
464
11113
4934
430
11094
6019
7158
1077
11626
9215
6882
7562
7442
11472
2187
1631
3522
8441
7985
2159
11334
5250
6537
5419
11456
11579
1260
8615
8809
3734
11387
10992
8418
10652
1036
11672
11270
982
5563
5606
6889
9236
7847
110
117
6430
531
5619
5521
6164
8696
10268
2325
11712
10231
9184
12325
9872
2624
6636
10091
10849
1320
2095
2007
9674
7296
6208
11702
10479
1249
7519
11603
1913
1209
11832
2467
3641
3807
11730
6064
4581
3888
2897
7523
11988
2364
7091
3417
3501
4498
3281
9936
2387
4548
11304
2761
5482
2404
5227
11838
10767
3084
4011
3881
12113
11315
6609
9787
3843
5972
11184
3349
2863
8056
10528
2650
2223
4759
893
2021
9379
11608
3493
1492
408
11945
2306
6097
9802
4985
9748
4904
2430
8902
12375
46
278
9130
11247
1908
9281
3392
2060
9447
3867
10924
26
7132
3045
2654
9298
9420
5004
5881
5600
4426
12027
5420
8486
3436
5381
9786
8832
6248
583
9230
3674
11481
2983
3972
1757
6223
3330
678
1874
9709
8575
2319
5024
7659
9950
5089
4755
5569
3985
5774
9729
8273
6773
11342
9116
1440
3226
5166
9626
5760
9471
5215
2445
3304
5484
8879
976
726
7067
5043
12026
11280
10531
5316
4596
1553
11752
3024
8971
10659
6878
9971
9663
7940
8395
11368
5226
8338
7022
10453
1223
5589
7978
12058
11567
5803
4761
3270
2778
2016
402
8991
5580
2567
2971
3676
9618
2461
7778
9201
6975
9826
11846
11441
2112
1493
7629
9414
3128
11977
2600
8679
12310
8959
9339
8085
2384
5113
6587
6058
11395
10551
2378
2936
10041
4847
5336
896
3850
1273
1709
8134
652
9659
3483
5070
4404
7317
9397
5922
10951
8850
1162
6303
2810
4523
9562
8732
5552
9581
11020
6897
10623
9852
584
10884
1632
4236
237
9824
955
5767
5298
9849
1600
2706
6240
10664
9092
3435
1126
7550
4766
6279
8826
9048
1686
5458
3830
1902
5027
31
1717
5715
8715
9869
4511
10938
1573
289
3363
5935
3396
11737
12162
7857
1609
10206
11879
2056
772
3
3292
1538
7479
1599
6880
9123
10958
9160
391
3898
6052
10559
944
3626
1589
1869
3424
4457
4783
5311
1716
9265
9801
9267
3312
1092
7783
11150
4500
1107
2710
4326
3380
3223
8979
5537
3961
6075
2055
9159
5130
4204
11333
5392
5934
8825
3794
6427
1104
7819
8204
742
3030
90
9505
5119
7774
6033
12267
8898
11791
2122
1664
5411
382
10603
11427
11968
6435
1534
12281
4257
2952
11539
572
9825
1733
4222
2821
4522
9820
7791
1620
7060
12483
2914
7369
4375
2526
4619
576
10039
9598
2607
5271
938
4209
8473
11534
3231
53
1938
5361
5848
1540
263
3649
9590
631
10478
10799
5478
302
12389
4899
4338
4193
6109
2045
436
11632
226
10483
11011
9195
1905
3173
5836
6011
5205
8601
2244
1547
7370
7168
2915
7314
10871
5581
11195
7392
863
6992
7808
12137
5406
9255
9486
8584
12168
11634
3450
2092
2601
10875
2476
8113
7802
7031
6712
12308
10895
7028
6601
3903
5218
4640
5726
7642
9459
2883
11412
418
9542
5996
4266
1661
820
12365
9326
6805
8618
1467
7072
12280
8376
3246
794
9999
5711
12098
8361
2382
8722
4710
10037
9610
233
8706
1667
838
6316
11734
11107
11833
10044
12148
6720
4322
7034
12061
4119
613
9570
1151
10329
11319
4544
11641
7362
8144
484
4729
2100
8673
3418
7868
8924
6441
8780
7361
10404
5328
3340
6143
10153
4878
6832
2701
2063
2767
2718
8472
7951
1559
3136
5568
3970
8867
1448
10384
10738
11847
5308
438
11470
5846
5852
3386
11313
3876
12313
4529
11230
4823
2104
9602
6021
2267
11288
6852
246
4409
3822
535
3915
4891
12044
700
11828
10068
10320
4907
7706
10975
2434
3371
668
9651
1296
2781
2402
10569
8818
1385
4979
3239
4512
910
9451
12377
3165
8953
1398
11203
6465
10894
10524
5054
10641
12275
7593
7083
8587
4387
11903
1837
8126
10670
4734
3990
463
2779
8398
8680
8429
9891
5865
8484
5083
2324
3431
8768
11588
549
3638
11789
4897
1779
3715
2369
9464
11352
2197
314
9809
5111
2664
3773
5035
10833
7489
7858
10238
2008
10708
10386
6856
11378
3187
9153
3244
1860
8058
10588
2329
3345
5230
7671
713
11471
11773
6911
7954
2552
8849
6023
10772
3858
10978
9453
4412
5396
2274
5168
3346
5861
6686
1377
7155
6460
4577
12466
5995
8636
4886
1999
7156
2744
4860
1682
3352
3513
9639
4377
9504
8595
9913
1039
3332
7752
4071
7145
389
940
11197
2635
7309
5091
4764
11868
10481
10028
807
8482
10680
11297
11185
8725
6946
5748
5673
6342
2931
5912
6806
7146
3478
4231
8537
6816
1807
6243
1359
8190
8228
3644
5213
2692
945
6554
3119
7787
9354
12100
11609
10521
426
1946
3190
10544
10557
2807
563
919
3267
9297
2349
4009
2391
9352
9996
11578
1446
1008
1124
6589
4978
10864
7896
6297
10734
2239
3768
10011
9137
11385
11585
1021
9222
8728
6051
4330
10626
3556
5854
6357
12166
6152
8872
7290
6610
9698
7190
9844
9915
8481
9819
8358
11152
3189
11257
5505
5716
2852
8596
9087
7300
2575
12256
11929
11740
8208
2379
3044
6766
970
512
8169
7251
7433
12272
3764
7017
9124
10908
3877
3767
4390
4304
6543
9776
522
7960
9623
5463
2355
6562
3116
1445
721
8255
7515
12211
6145
4986
8220
7618
10127
4155
2905
5345
334
5696
5323
12412
9977
2484
405
1426
10803
10255
4325
5231
6351
6493
4327
5822
11335
2441
3841
12099
320
9091
5707
6081
4051
2057
9644
4560
9584
3583
7440
4634
8669
2488
9533
11449
11345
8678
2009
10714
11307
1737
7136
2862
6614
9893
3545
12129
12384
5823
7020
861
2206
1871
3719
3188
8181
2106
7165
5914
785
2353
9450
12189
6448
9687
7549
11244
11316
2802
4489
8943
3695
8847
10318
266
3146
4866
12140
8528
7915
8052
2041
6333
8053
2614
5724
1133
4893
9976
6977
7801
6585
3902
12298
5040
3241
1409
8266
7313
9178
9554
8512
11000
802
71
7042
6618
4117
12239
5058
2228
8767
11709
3861
961
7501
3801
3721
12247
6251
3688
10312
2134
1289
7185
5501
11568
1491
3022
8068
1399
10853
8995
2371
834
7655
5960
4351
7453
10825
12046
350
7193
12419
2067
1482
2376
6924
1270
6283
8905
7795
4988
8573
769
6146
9119
2906
11440
7537
2907
6167
7478
12480
10279
10913
643
11794
12401
3833
11511
10293
6214
2748
1676
6037
3124
9057
8487
7660
10967
8297
9372
9957
2794
167
6215
353
4753
5713
4159
6723
1622
9871
877
9492
2506
10270
555
7210
196
11785
5750
2723
3838
8951
3803
4386
6514
9881
4947
10110
3181
11351
10513
1544
8811
4695
9264
20
3074
10688
7722
4981
2225
8196
6484
8777
12093
6360
8249
7340
12001
1693
2375
5256
3161
2301
1831
6478
11607
5206
340
6154
11059
2050
4901
8380
2966
9874
6442
11115
3981
3311
8232
9887
5875
8136
4108
29
10065
10956
6533
6083
1835
8040
88
793
9641
1373
7999
8115
9879
4959
6488
6276
11468
12331
3463
9967
10722
187
5421
3618
11884
7977
4237
8703
699
736
4534
1444
3505
1726
599
8210
5598
5172
11017
11664
9832
483
4810
3698
1575
8730
7693
12226
5238
1157
7813
10
12315
5003
2231
10705
1370
137
2093
2351
7116
9574
9822
9673
218
9008
9806
5578
10502
4996
7708
7023
7009
11614
1986
5006
6317
9795
3159
1334
3744
1414
6737
5052
6510
17
3592
1119
6165
12198
6125
5781
7829
5531
10341
7211
4733
7919
3219
1654
6836
10668
3658
6546
6590
1256
8296
12358
860
6432
313
2297
5721
4121
8488
6013
1362
163
702
4227
5866
4935
5944
10570
10225
8970
1512
3597
8485
10497
274
9419
7898
5379
8407
7920
4786
7164
6676
5929
11991
855
11986
4080
6302
6198
8859
5905
728
2381
2762
10017
11555
3306
8036
3563
3290
3782
3100
5063
3268
6528
7512
10572
5740
8600
319
9726
2888
10723
11293
10752
1277
1103
1968
3599
10621
8111
3176
8397
2259
1550
10025
5730
1379
5771
2348
6932
5466
6452
10221
2663
5153
4083
9311
4722
12252
4564
11148
11692
4130
11648
8122
7964
5889
5956
6772
6486
10152
2347
9494
5214
449
3317
11177
2558
4684
11831
9805
7668
5566
3302
11812
148
2398
6403
98
4430
4802
2222
7406
507
1966
9587
8628
3373
4138
6291
2015
8808
10638
12253
6642
10338
3823
11229
1674
2447
9012
6286
1421
9544
3953
11077
11990
12435
7912
11565
9572
11380
10929
939
11978
8189
4317
6964
2956
7600
4945
15
6389
11220
8157
4920
4784
2446
10553
7821
8546
932
1071
8468
12445
2997
1002
3973
10907
1173
6031
6530
4997
11727
9599
987
435
2024
7765
3019
11554
197
6886
5210
709
206
10892
1443
6698
5165
7084
720
528
10433
7032
10415
4513
9221
10843
10189
2177
8177
1954
2025
8377
1983
9495
11829
10487
10352
4283
2346
170
2691
11981
11125
2530
1200
12242
4164
10325
61
6654
5534
4699
3673
4822
4478
2163
4154
4363
7278
12009
12347
4298
5772
829
11798
11403
4609
198
5635
4093
5299
4842
2270
730
10527
10169
3360
1856
2171
622
1486
1724
11894
10832
663
11005
9480
6584
12074
7397
8551
12421
771
4365
9141
6868
9622
11483
662
6606
2638
7240
5849
5376
10383
269
9442
958
3842
8001
10333
6393
6002
2994
6006
10240
8753
1204
11384
4432
9565
164
1314
8716
10409
9941
11296
3491
6904
4171
5016
5920
9456
6634
11475
12203
11695
7457
866
8151
5773
7096
8378
10882
2887
9320
9189
8805
49
9053
11995
10297
9234
9677
10550
8370
8661
11886
8733
8580
6407
10766
7872
3870
5181
11431
4662
10635
6462
9121
2352
7788
2743
3058
8180
6182
11683
4790
606
5827
1032
11892
11842
8015
6810
1806
7217
11523
7812
520
2947
1650
6228
10259
4964
10656
4112
3308
7838
475
2399
10837
409
1050
12423
6935
2925
5962
8577
3818
12223
8552
7988
9169
9200
3521
6557
1388
3051
5320
2788
11381
11654
5981
6752
6743
10903
3753
6368
9863
9608
10345
784
10265
1819
2661
8550
444
7196
4253
12
2184
1193
11821
997
468
8305
5216
6007
180
10647
3908
6652
8
440
11982
5864
7426
11836
11064
4846
178
2272
1886
10372
9702
1246
8440
1095
10954
7569
6927
2775
10363
9194
10724
6293
3552
1242
2875
7270
5618
3745
5436
10881
518
8518
12081
6103
760
3279
7824
1300
5183
6987
7408
775
4754
10821
8672
3297
4153
7446
7554
10008
5413
7727
7443
11587
2531
559
12415
5884
11092
12431
7066
1877
9998
814
11295
11057
1614
10928
1349
5473
12394
12233
7673
11549
10610
10783
12218
155
4804
7488
11749
3428
8212
369
7504
11473
9635
1561
5099
11339
2307
3180
10979
1889
8861
2362
12317
8450
7183
1432
851
2623
8366
4141
7144
9904
12336
6893
10016
8829
10419
12250
4530
3235
10586
4072
1078
1041
8634
4455
3157
1342
10067
4805
981
1185
335
3950
998
6941
7088
3471
7401
10880
453
4305
11592
5237
2518
7938
4449
11967
7163
992
10171
921
9611
3831
10703
6257
11375
7818
716
9285
8471
8293
7103
1851
7038
1611
5891
7748
9090
5362
11876
5395
9712
8827
2042
10848
5739
7282
3273
7102
12240
8524
8331
7834
1496
2183
4361
10915
8183
3783
8215
8326
2498
441
2604
1616
1166
3362
7885
3892
10545
5139
9000
5060
4239
5880
4486
6352
4476
7798
10118
7252
12204
6525
7717
2596
10655
6171
11958
11
9140
3253
6936
1316
5993
8960
8201
9080
141
9620
4358
11939
9518
6026
1822
5805
6959
3735
6003
11965
1313
9711
744
6625
4278
9262
11219
7201
11681
11963
8511
715
7751
1501
3814
11498
11522
2660
11559
5188
9247
9854
9309
8139
5644
471
11129
195
8947
3309
8976
5348
6268
3866
5404
3852
9305
2646
5476
7171
9642
1295
6126
2998
6854
357
1867
384
6134
3632
3835
10622
11256
2340
2584
971
11310
9855
11485
7616
9181
9591
10051
11950
5565
6306
5085
5242
9995
6792
9763
780
758
8055
4746
12080
11627
9483
11058
3965
10093
11061
9104
11733
1825
11646
8084
3021
149
9850
6746
9072
1990
868
11450
1158
1752
5434
8642
12409
4374
8656
5897
3257
885
2948
2640
10646
2999
371
339
6366
7726
975
70
7527
3916
7436
396
2309
4692
7294
3096
1586
2392
10080
2481
12458
1903
9514
4604
376
4272
7631
2648
6555
3432
143
5296
3880
3708
6696
9341
4186
8120
6197
11476
9461
8150
4888
11801
9118
10408
4589
4982
926
4727
3546
9685
1070
10382
8807
11795
1833
12284
7579
9831
12055
2265
2709
2004
5801
1061
4122
8903
7966
5830
9789
8520
5971
8985
10167
5753
12335
7458
10519
452
9718
4350
812
1074
1148
11040
12225
4844
7719
9374
2380
12004
9600
9302
7358
8962
11604
11167
6399
3384
8095
1062
870
2073
4745
7256
12025
2040
4954
11474
1396
1338
3704
2825
4696
9597
5677
1428
7826
10681
1291
9755
973
7459
843
2128
740
6245
11935
3748
5574
8245
4407
10764
5122
6532
466
3917
1982
3043
108
12283
5015
2412
5105
11512
6847
1839
11372
10902
10403
3459
10407
8702
6225
8757
1605
1132
7695
7192
5374
2062
727
7332
10424
3240
8257
9691
1810
5270
3034
5843
8188
5594
6213
2397
2502
12012
1652
10287
5925
6098
2490
244
925
7573
2726
5191
5626
12214
4781
6199
6709
8443
6939
8727
8093
7325
7913
3171
1830
3938
7289
1147
6930
8667
4342
11426
5738
7842
1111
7947
11419
1554
6570
8368
941
4182
11916
1367
8769
8510
11674
445
900
7214
11035
5729
12087
3630
9929
3802
6991
532
3147
8223
1516
7455
4775
7345
345
5365
12262
3873
2002
9868
10923
6643
2789
9896
9278
5614
5913
2072
3805
6285
10980
6456
8761
3488
11507
8112
342
4861
1208
6046
3788
3061
11099
574
2580
10754
2632
2702
5895
11123
7496
10005
1698
9055
8623
67
9361
12274
9710
10793
9880
3421
2160
5794
1788
1546
2350
1645
9103
5992
12045
4366
8412
4349
349
7740
9679
2105
4508
6144
12194
2360
4763
2118
10423
9873
9606
3451
1519
10064
3000
3152
7525
11809
12489
6385
6402
12127
9727
6115
8743
6681
12235
11382
2884
12215
290
4168
9034
2568
1351
2140
1450
844
1828
2728
5145
10133
4019
3620
9654
12206
2965
5511
2949
6419
8544
3444
3706
9299
10175
2457
10852
10048
5562
5787
6341
6497
7772
5902
9640
6264
8585
410
9670
5954
11947
3933
8354
6016
5018
6574
282
5282
6454
2290
9277
9765
9551
5731
9098
2310
1280
2826
2641
8941
8785
9870
3382
3402
8505
4049
3026
8172
3001
5464
3366
9813
2218
4873
9520
8892
9295
4458
8017
9982
7965
5455
6687
1262
6476
8578
7825
1910
9224
9314
5746
8677
2143
2850
7656
9796
4174
8765
1894
10166
1123
931
6782
10336
104
747
1038
4542
833
1252
138
1386
9652
7431
7089
6229
11820
6716
9892
11666
12273
2356
6363
2195
1378
3350
3520
8097
3871
10257
4251
10785
4320
11686
6296
10939
9549
7672
8685
6434
5757
9812
7291
6718
5986
12210
11275
2070
3687
293
4654
667
6786
9745
8344
5146
11327
3361
5467
12035
1153
166
9423
7914
6985
8198
5622
383
12094
7877
9917
6550
1668
2555
3355
7464
10301
1302
1460
1692
9413
621
3401
9182
356
367
8152
11420
5689
8935
11467
4284
9632
11643
1500
4628
11639
162
99
5591
5116
6180
11866
5093
11119
8203
2216
12139
481
10196
3164
10288
2541
3109
8589
12304
5811
10284
10645
4405
7764
11459
4446
8749
1063
3155
1211
2975
7967
2873
7090
3743
5141
3598
9779
7760
8499
5997
10810
3370
10910
9063
5285
9546
6009
11199
5983
7109
11631
7049
508
10444
6894
10820
5874
8348
11897
3445
1930
2478
1996
8712
1801
8303
3175
10999
9199
6177
6066
8274
2628
513
5162
6573
10468
7696
10224
5815
4281
10950
7082
5262
3610
6039
10252
5178
10629
2675
6908
11537
12237
8674
2655
5499
11236
8610
10428
9280
5783
7460
6699
3080
12115
6769
378
6207
4364
9972
7117
6188
7030
4362
6916
10542
1740
1163
5142
8028
922
9310
11928
5384
8617
1917
6727
10274
498
1184
2256
5820
10143
2018
10010
5144
6688
316
8432
9044
3099
8213
3549
5824
10351
9942
2589
11198
2671
2720
6072
3073
8538
7700
10817
12400
8458
10693
4235
7944
2964
9815
3954
294
4146
4650
7731
9968
5240
9136
1360
9664
8216
1251
9782
10015
4250
1328
7407
7602
10489
2214
3989
7769
8265
10210
615
2950
7975
5269
4401
4260
3890
10218
11651
12295
4098
8442
11807
6863
5751
10746
11725
2207
6979
8815
7836
2406
3606
6020
6104
1170
3897
9431
1708
2285
12411
1354
3995
2959
11952
5553
3582
4610
8314
9833
9187
9804
3215
1459
4651
8431
4084
5872
8906
10898
3342
239
1404
1348
12440
10753
7187
4460
7029
11591
3205
12123
757
3550
7794
1619
11097
1105
12155
11093
12348
11776
3864
2537
11245
1106
8681
3118
1568
6136
10774
4101
8999
9239
10779
1034
9429
10501
10360
2901
8149
6287
10158
4282
9575
1878
4537
3544
8118
3107
12230
4818
21
2131
2033
4116
5254
9939
8637
11405
7568
1970
11320
10137
10250
12416
4399
7901
11263
817
3203
9797
7771
1707
5646
8837
1143
7348
12089
11526
4447
10831
9781
1044
3249
7147
4197
10038
11805
2805
3951
10628
9343
4162
2192
9707
1072
2096
12154
386
7732
696
11397
639
7321
7997
1564
8062
11871
755
128
9816
379
4950
11985
9637
9828
3195
5369
4566
5475
1149
8812
11584
8050
332
2517
4124
12456
9732
3657
234
11216
9601
3701
6451
11163
10921
10184
7961
5584
1696
2448
4166
8393
943
2493
1792
1435
2899
6012
12289
7
2583
2426
7870
7231
11448
8695
10537
7756
3047
10789
10177
2247
4850
2677
3391
3944
2181
9094
8304
5302
9403
2491
7654
7268
10020
2413
7106
8612
1026
6787
2680
1487
147
6906
3487
9056
8526
8997
3899
9074
24
11548
2190
362
4452
1812
7095
11101
3204
8891
1118
6056
6218
8313
10846
11540
7005
9628
11915
9969
420
11650
935
4812
8054
10019
5645
2610
9742
10379
1524
11376
6928
9793
1587
2164
9884
7983
11353
12107
1264
1809
6988
1551
11399
5699
6119
9890
8839
5915
4169
5930
5788
11771
7396
965
9525
891
7505
11116
4962
4328
5288
2687
8091
4028
8828
4299
8973
9463
962
11200
521
7241
5500
2264
7219
7170
10086
1056
11321
10937
7280
8591
7391
6818
4681
5624
7429
6232
2979
4852
11250
3958
7948
10292
1172
11520
10666
273
7889
8838
1921
11003
12192
2180
3859
10324
2566
101
1571
4443
7761
12202
1122
9392
7625
9928
8494
7402
10639
7623
9114
6944
8581
4263
8262
5719
1523
2102
1743
5937
10861
2896
1965
6395
1255
3075
9144
10165
9013
8621
3834
10504
2410
3403
11895
8964
1738
11745
1083
1317
552
10770
8065
8011
7129
12329
11180
9552
6129
1829
8497
10844
3942
8836
4036
2455
5039
10947
2725
9592
5708
6540
10082
924
4906
6168
6631
1753
5071
8522
8270
11911
7498
9021
8503
10465
6758
7040
11955
1904
8103
629
6783
6396
2613
4970
2361
7003
1509
10098
7330
1922
10771
7547
11823
8871
11610
3492
2191
276
11510
937
7559
11193
3009
80
5309
2523
3315
3291
10740
5025
9381
9829
2917
1885
8929
3356
5243
6477
3879
5806
7305
11541
6814
73
6817
4832
6250
8038
3020
8572
10159
9669
4466
11211
7580
10101
10434
5187
12453
4905
1198
9312
6781
10455
11330
11996
1991
5140
5437
8143
916
6508
6655
6995
6137
1992
8770
11862
5096
872
10827
8406
3507
7840
5081
5744
7612
11438
6260
999
825
1310
9843
950
8182
8082
8701
4606
1043
9069
7594
8613
12047
7229
11699
9573
2700
3023
12447
3819
8740
9596
6519
5454
10819
169
5293
355
3090
2283
883
12095
8858
1395
3862
8592
9205
4531
3968
3010
9823
9862
7746
10040
6116
7112
6496
2011
2560
11291
8323
8106
12316
879
7758
5097
8803
10216
10211
8449
3907
11196
10696
10741
7853
11442
11299
337
9002
168
10462
4974
6334
8779
655
11741
6567
12043
6241
2927
1719
10579
10195
2912
10854
4688
905
5077
115
11922
9768
199
2123
6861
11213
11602
4200
8399
1490
3828
11401
12207
7353
9867
2869
1488
12254
11082
5356
8562
10226
7866
7986
6809
1770
3409
2474
6711
10436
11030
8187
5479
10756
2679
10280
9027
6053
7413
3334
2564
8774
5398
6361
3920
6802
4752
5030
7269
6505
77
1129
3140
2460
11410
8367
12327
8029
9918
6252
5834
1765
1644
7595
8033
5985
322
10306
1022
533
3085
7741
2573
10592
6871
7035
6032
3718
8624
5239
7021
7709
995
10965
7216
5756
8798
5264
5714
11645
5197
12452
2419
9798
5690
4932
5641
6045
7368
6321
8241
4653
11138
6872
12427
6231
4694
12334
3008
2769
8789
10079
8880
10234
7412
8301
2740
1192
1472
9284
6378
11452
10627
6659
1477
6470
10263
2401
7226
308
7432
4060
12191
7879
4704
11012
8726
11571
3218
5734
10500
5571
1064
7058
1116
12161
7025
4086
6534
4161
9161
2832
9648
11429
2110
11519
9086
3094
3817
12051
617
286
4909
5327
7419
10236
2561
8795
5540
1750
57
1228
3339
9478
8347
11355
3151
11954
5762
2230
573
5033
3919
2838
1562
10776
4042
10984
8820
6523
5904
11328
4026
5297
3761
4077
8502
473
12016
10633
11153
8921
9675
4918
7372
1000
8059
9073
8419
7448
11770
846
257
7430
8565
4776
4382
6748
980
7601
5202
5968
11374
6233
6840
10187
10057
7177
2622
2226
11976
3700
7199
3836
7565
7958
9243
774
11188
280
636
2961
11979
8833
10812
1365
2768
10466
202
8664
4742
4599
8751
9204
3966
1284
2331
4303
6903
5092
5870
9079
10344
2451
6155
10450
3397
7587
3217
4656
4955
1125
6957
6503
2657
424
492
11233
1508
6444
10546
3393
7258
7063
8195
7957
2017
8477
6382
2053
10185
7184
8559
5026
9706
3800
10371
9810
12116
10549
9888
4275
5407
10276
9037
4803
7535
8514
7675
5602
6391
3557
462
4612
9065
7461
9260
12306
11508
12128
4201
385
4402
1023
2315
6210
4785
9752
4242
10568
8662
91
8644
4649
1993
11766
10289
8041
10090
12443
8555
11371
2253
9681
2235
11865
4055
2688
12287
4550
1880
7816
4738
1832
8536
7785
6962
4641
2032
527
10534
3624
8614
10762
1347
1408
8671
11118
5086
3680
618
8464
7243
2686
7713
7637
10886
4435
9770
6986
6812
4184
4054
4571
4267
3918
9965
9766
9400
12473
8219
5109
8459
8007
7622
12491
1730
4771
2551
11841
4717
5766
11084
12034
4952
4731
3656
1662
11279
7863
1715
11309
8881
1762
3665
4875
7698
9943
1253
8020
11577
4925
4730
8989
6336
1374
4637
11618
7718
2550
3447
4107
6851
8700
5125
2636
7238
1843
1857
4417
827
5491
11444
3895
7013
3947
12367
2201
3580
502
11292
9158
5260
5059
152
5314
8147
6308
10600
6169
948
11149
3730
8834
6332
11183
150
2390
6386
7051
5634
7150
4665
2799
645
9605
7153
1285
4725
10763
2962
1131
2859
6246
8145
10199
12490
11393
9344
2220
12269
7462
4769
8123
2922
10294
3809
7045
10262
9016
4196
10720
5431
7202
9328
1019
11827
6050
2592
5916
10970
1702
2786
1790
11267
627
1082
5031
819
2579
8252
1723
6200
1943
3952
9615
8852
3054
2954
10207
4000
9660
12212
11408
979
8622
4034
3166
10446
11774
10662
1601
1768
2440
7518
5274
9274
6274
7705
4916
7381
5703
1618
1685
7493
12398
10707
11999
3959
8416
51
10591
160
8593
798
2215
7994
3527
6338
6506
1875
4359
11269
12090
7908
11677
11078
4910
5790
5969
12364
6495
5358
235
11311
8897
5877
10657
7387
3703
7469
7233
3282
6770
2464
1927
8554
7786
11896
12467
2822
12263
2782
6729
9876
2834
7770
7019
5817
18
8006
5966
1024
5659
2910
10331
7883
974
3088
3149
6436
9517
4827
291
2211
4998
4487
5410
6344
3113
1759
3922
4441
8387
2639
2026
6307
7511
4509
10648
8534
1596
1387
10565
6823
9992
8360
10388
4445
9170
4811
11139
1842
5610
12182
3177
8078
6648
5324
3276
9251
9985
8186
3725
6147
6
3691
1437
4246
8332
5470
10022
2453
634
7541
10957
7203
6253
10476
2793
10994
9830
6680
9335
3390
5507
5833
2724
674
10616
5839
4373
8571
7989
4228
2241
2717
5669
2077
8229
7043
10337
9548
11312
11921
6993
4700
11251
9666
10362
9589
1711
5284
10682
6036
8259
1240
11782
8711
4148
8355
12056
6690
179
2582
1939
344
9489
7355
7632
3528
4576
1155
6679
5386
4110
4666
5573
1855
8421
1720
7342
9150
1579
8076
4294
10358
2144
3740
1919
614
8792
2659
3991
6798
458
10800
10855
7805
3057
10525
8894
3569
10985
2010
3407
7491
11159
10701
4815
7626
8225
10027
1066
3633
10643
8831
5577
12152
2386
11779
1681
9042
303
5948
10326
6719
2741
6825
12439
6697
2817
7776
6388
4091
7762
3937
9172
288
3609
2814
4313
255
964
5147
6345
4584
9791
4630
9509
12291
154
4608
7266
1680
2069
133
6771
12357
8207
3367
1418
4868
6091
7319
9513
4885
6569
9807
4851
6531
8148
5126
4329
3586
2984
11764
9476
11120
7076
9321
7265
8741
12437
12144
566
7470
2756
4021
5051
9922
1100
1721
9927
4089
5057
2196
7669
3258
5229
9645
5637
8856
2698
6179
1278
5536
10323
4290
7539
5710
10580
570
2495
9333
3341
2791
2656
5906
5868
2013
9631
1439
3433
5334
11586
10381
6982
3593
10548
2569
8475
12395
10515
1963
1948
3875
2483
1276
2681
8352
4336
2147
1834
9324
6560
5780
11781
10366
11844
5582
5378
6447
5532
4975
2209
7588
6513
9325
10441
8910
1294
9415
4429
6255
9672
6455
1607
10119
6890
10816
7172
1978
791
258
1336
8790
5879
10435
9735
6111
1326
8576
7424
9259
762
8240
2846
7509
3832
5462
6323
4380
587
2857
11624
2366
8423
10322
3742
3385
4944
10899
1001
3060
2091
5088
1751
750
11899
5171
5970
1146
8465
11300
1281
6565
1232
5087
734
12362
131
227
4543
1391
7657
11989
159
4680
4233
10321
6163
12345
738
9315
4726
2296
10526
11703
7645
10411
11133
9960
5987
6348
10209
40
12119
8092
5515
990
653
11670
11289
305
7477
12380
536
11033
7044
5078
2071
10930
10228
10847
5990
7335
3348
5174
5941
454
4838
1109
5650
11262
3400
11647
10796
1402
779
6520
7953
310
416
2989
865
9958
5656
2217
7151
3840
6888
8242
2591
5332
10686
1265
2066
3498
4094
4134
6518
11023
11014
4095
10391
6420
659
10582
366
10725
1215
11515
7250
3650
5228
594
11998
1666
12424
9588
2553
3909
5907
4773
8312
11656
230
1818
7956
7930
2972
9633
9578
12049
9963
8918
3705
4496
1234
6708
2442
2048
431
11007
4892
2742
3144
9625
6694
9470
1823
7715
4
9039
11409
8990
7128
3820
1141
252
7744
6581
2858
7418
10335
4672
1380
10539
8325
5438
5233
9241
8886
12244
5335
10587
7451
5249
185
3470
8080
5235
9662
1861
2450
6813
7844
2848
8298
10161
5857
830
11759
9428
388
4376
30
10247
5112
5548
12015
7056
4007
13
2970
2514
7341
2824
6940
8291
11810
317
6259
5649
839
9524
479
4546
8686
10509
1027
6084
12305
2941
867
4990
4501
8288
545
12097
11192
11920
11616
6339
3208
3002
6869
429
11521
10644
10374
2703
5894
7810
10972
12151
5426
10392
8171
4987
3213
5068
11227
9064
1312
3121
4632
428
1803
8731
864
1299
8061
887
10047
8663
5103
506
2872
6362
11265
4394
9511
5616
7925
9500
2080
4797
10594
11589
7737
7528
707
9356
132
9147
12037
6017
2266
3511
5856
2554
1110
7603
2354
7264
3747
7687
11619
9246
3138
5789
8413
3076
717
2202
7939
2593
1287
3945
6714
2705
2252
9954
12018
9407
9245
8978
6842
9276
7728
10198
9391
6043
2108
4087
4588
1623
593
6833
8937
7590
3343
12481
7260
2940
4245
12124
10461
9283
1642
8734
10121
2486
2615
7605
5529
10459
9842
10077
2260
9218
984
9808
9342
287
415
3957
1138
11837
9101
8436
1009
6901
4877
1774
12323
10260
3318
10562
12332
1010
11852
7257
461
3220
6322
1411
3655
10237
4575
7586
10585
7679
6745
3446
3153
10704
2117
638
1480
363
8648
10769
3145
12171
2871
3574
11284
8784
359
8411
3083
6843
7004
10021
8425
5291
1372
4772
4600
11613
6219
8178
3354
10251
7126
6438
4291
4047
12150
3751
9699
9211
8597
9772
4398
5108
5377
6553
3503
8034
10674
8089
3689
12390
9986
126
2943
10427
2880
2035
1350
11800
7411
1542
4721
9987
2938
3388
11171
12330
9395
11997
8986
5425
9701
11748
7447
816
3813
2757
10398
6750
1503
10219
477
4598
6593
12420
1671
9582
9488
12112
11535
12403
11856
7130
9196
3619
1548
3479
8071
12454
5075
11478
1852
7615
8545
11009
11707
3558
3904
6173
7800
10256
9783
9382
8445
11050
1840
10283
6830
10815
12138
767
5480
6715
6951
373
6073
7367
8645
10186
9931
2373
2198
10845
8781
9526
3288
7540
6487
9903
3050
12300
6846
3654
12464
11891
12448
1042
5952
10962
3771
5725
725
6092
1789
2005
902
3536
9003
5676
710
6369
11306
6797
10988
2179
11500
11103
9788
9481
4470
331
3227
9256
413
4309
4968
4277
3408
577
1478
3821
6674
8067
8073
963
2798
3571
2574
8088
10491
6187
3364
3182
12493
4433
5888
8863
9270
1267
1853
5310
12190
542
5468
12076
10883
11111
1225
2712
457
5248
2881
284
1475
11182
12002
12070
11663
4059
8923
7934
6947
967
4104
5813
7851
9458
186
9292
11158
5494
324
7780
8638
5489
7438
7191
4082
460
7730
7784
664
3097
2944
6685
781
2780
11880
4808
9613
11065
6663
7390
10860
4690
1
7861
2396
10114
10931
2162
6668
7123
3148
4578
5847
6538
8942
11792
6922
5289
8931
4158
10258
5883
7882
5871
12391
6417
9059
1269
2696
1940
11272
7928
6376
5132
9223
2139
4991
2303
9661
6960
1067
12084
11390
525
10960
10695
2676
6599
11217
3540
9036
11283
10952
511
2438
7328
842
9332
11867
11910
1976
4191
5917
11697
2870
2839
4504
11248
9714
10809
11718
9895
8013
1389
6744
9257
2046
4735
5927
3485
3081
6999
9227
7980
6566
6775
3787
686
1272
11466
7484
5979
1415
6582
6100
1191
3883
6181
7059
9033
1870
4913
1597
2540
3969
7768
1112
12106
3172
6691
7207
12228
5184
11305
4528
417
3329
9412
3455
7465
2079
8955
9894
8710
11553
3484
11717
9349
4898
11445
8167
3294
5095
318
3884
7169
2649
2587
5976
4937
2885
9838
7683
1165
12264
1097
4367
134
11156
7012
6749
7950
1469
6764
10660
1584
10049
7239
8402
2273
3848
1344
1533
1263
4718
8438
4353
1941
8309
3535
10348
11079
912
12039
10060
10296
1237
7502
7506
11662
12346
9821
908
6891
3589
5281
3336
1292
12271
9774
11693
1020
7262
2165
433
8984
121
1035
5672
911
9952
8396
11533
11701
10001
10176
4173
2116
4106
2783
4757
9351
11633
4777
12296
5722
1876
12042
9676
4396
10215
102
3338
9377
8386
38
8342
5399
2258
9758
2295
5252
127
10887
12406
4591
4626
6314
7507
11538
10083
8665
689
491
6942
4547
11830
8247
7415
7205
4789
1199
8385
1552
7707
5631
2946
7597
5819
6425
9905
3963
7245
89
11271
8184
4770
5974
11117
2188
3230
7482
9430
5319
8869
4135
2571
11325
4627
1593
978
83
4178
9800
10505
8328
3277
11816
11797
3860
6140
9901
9858
3441
2812
7125
2803
6062
11726
5620
8434
3206
4553
4187
10609
4859
4601
4791
10243
4261
650
9066
5758
3711
9043
7008
2395
4066
3101
11447
923
2993
7473
2492
2292
2358
6468
8762
11845
6794
828
2806
5878
4992
7301
97
11396
9
7649
8956
11326
1438
9263
10558
5931
4816
264
6536
8003
5076
3197
2519
4439
2115
1458
11615
5736
2543
8023
6195
6692
12156
9322
74
9534
8704
1764
9473
11140
231
3224
4127
10993
2234
11365
6974
300
11411
217
3561
437
11488
10058
5042
1013
12031
8469
2194
5439
6938
2357
6970
6373
12079
6994
2529
10813
10449
1081
8529
1037
5123
9733
550
1529
3191
1423
6029
8275
3103
6756
4143
9923
10367
4300
2879
5550
8016
2987
8251
11499
2278
8752
9336
4565
7230
5069
3627
4921
8796
9978
5173
9634
6284
2286
8972
4503
16
895
8108
7120
7619
1059
561
3426
4090
2014
10792
1375
9491
4965
3129
5509
3320
5958
3122
8830
11799
4339
11930
778
11938
972
1821
540
1703
7924
2528
11882
184
7052
5700
6981
2103
2754
6277
11004
4450
4820
5359
1884
8993
3993
11970
4232
6018
5518
2064
8012
311
8607
9477
5597
11439
10702
2059
11917
7064
8279
3559
11530
8864
7532
11636
10232
7377
11597
8308
3437
3640
10405
8760
9437
482
6027
10619
7686
8930
4265
4360
1975
7087
4111
5415
9560
11104
1244
7949
10836
10912
2746
5133
1358
10417
6603
323
6406
5161
1577
10147
6726
7661
12086
1890
7213
5493
9671
8873
5964
9197
6724
556
12177
470
8253
5497
11329
12407
9149
6437
11923
3162
7520
4585
7351
5530
2501
11710
9630
5416
11518
5576
5612
4480
7097
810
5628
3578
5831
5784
5046
4572
3389
2312
3893
871
2716
590
11298
3728
2248
6049
10858
6041
10264
10857
9571
3192
9365
6673
11601
203
1353
5465
7952
4423
1785
7886
12147
5796
9110
3766
3913
1433
4697
9563
6971
10576
799
12324
7742
3006
564
259
6226
2957
2570
2532
7917
3791
5355
5209
439
4348
1872
8239
6558
859
3797
1756
4709
11622
3037
4092
8237
11264
5055
6576
10943
11819
11682
10377
8047
3333
8504
5556
2818
1476
9035
6921
9175
9665
10103
759
7996
8446
6305
5010
1580
969
5338
9962
1202
3681
7357
8391
11780
1859
764
11026
1574
6855
10448
8428
2581
11075
6071
10464
4605
8197
10340
3636
1290
4045
12337
6358
3209
4488
2499
11176
7757
10146
123
9139
2472
601
12270
4794
5908
5079
10663
10168
4929
6700
10095
9038
6790
3634
3420
3143
11226
4474
2049
7212
6094
10677
10474
8729
703
3686
858
5845
11102
548
3739
4314
1882
8037
11993
2713
12468
5265
1558
11349
10208
10249
7976
10839
5490
4286
9313
11953
2431
2666
4518
731
10223
11388
3538
8846
7349
3653
1590
10437
3233
3798
4516
6070
47
541
12024
6453
8102
11595
10290
5098
7990
4984
11543
12498
4505
8248
296
12125
1594
578
4741
7061
8865
12067
56
10649
9777
211
3004
9579
10561
6209
5977
776
11443
4667
5472
5443
9435
3974
7789
8098
1900
10369
1298
9271
9301
1979
4415
8087
7855
12167
10200
3661
10347
7037
10319
10181
8516
8659
9402
9979
1633
398
9338
165
4065
12153
8961
5508
9719
10507
4538
9054
7267
3499
1520
4708
9521
6731
12165
11048
3126
10942
494
65
10678
2471
9373
11689
5575
5608
8083
8876
11491
10141
7331
5749
12117
12286
10977
10295
3156
1669
6695
12003
6853
9580
9516
9203
3167
2539
595
3245
1046
789
1306
1646
9848
7244
6664
4037
11863
6067
6481
4683
1888
7792
2255
3671
10026
10045
5118
2428
12064
7161
5921
1959
10717
4165
11421
4020
2332
8878
7378
8137
8965
7373
7724
11437
620
3863
5621
11556
5107
6734
8161
1971
4438
1186
52
8234
2787
5400
11904
2900
5804
8205
2986
6804
5609
7127
6469
505
5104
9096
10650
11961
2844
7474
114
183
1073
1216
93
840
6090
6186
6777
2151
7542
6912
11893
9811
6677
7046
8357
9093
10617
9138
624
1912
5307
2631
4448
9126
12496
5424
6142
12143
9784
8371
1307
9367
524
11824
5642
4384
5192
11524
215
2019
12297
5763
6754
8289
11073
9440
3585
9696
1315
3978
3509
11010
11606
11914
1557
9318
11796
10111
7763
6763
10413
7574
8267
5523
7621
2245
3406
10063
9177
3727
5207
1139
5452
3046
224
4318
1777
5662
9460
3063
2444
9930
5663
9371
9656
1772
8448
3319
4896
6459
8810
8980
1483
11484
12174
8075
11428
6467
459
11081
8687
9011
6450
11341
8824
4215
11937
4724
6135
8969
14
2212
10512
7423
4203
3692
476
10940
8261
7108
9394
4347
1230
12261
8690
1565
2432
6640
465
5658
11889
9780
11088
6184
12340
11974
9171
847
12301
268
2443
873
6741
7878
2866
6325
495
9360
920
8467
5151
6230
4463
12311
4573
9448
6739
6961
11743
11224
7248
8483
7931
3457
279
2475
1813
5837
10584
12446
9747
3142
6485
7337
3776
722
11285
82
9319
4995
2119
7195
8164
5901
372
1357
968
8992
11173
10731
6262
10533
12381
754
7729
7739
11943
11433
12318
4872
5535
8908
8218
7721
4720
582
894
6464
4687
1178
9759
3328
9557
7015
2877
815
4102
6423
6205
9503
8117
6902
1048
5615
4321
8490
10989
4856
4035
8295
6885
2828
6220
79
10685
9434
12131
5061
4617
8814
1417
7992
5368
3976
4195
12371
12114
10089
8633
4296
11873
4557
1678
8170
1591
81
2588
1145
10814
12461
8276
8154
11936
9649
4685
5821
4580
9176
9775
10115
1625
2913
135
2365
5544
8556
8547
10013
69
10197
5073
7154
7137
8138
3404
8356
5688
3425
5587
1865
2511
4411
4064
10055
11141
7782
712
8256
3398
8736
11598
5485
9746
6647
11241
7237
2038
2882
10698
9417
1099
7893
4603
11451
4456
1065
9536
1802
7246
10164
8507
10183
9408
10729
11207
5991
7745
10078
3353
9983
1782
10310
2988
9307
394
10941
240
5041
743
7725
5955
2078
1489
8018
9022
3628
11172
11714
12309
12122
9308
2246
3516
8258
2213
3056
5082
11883
2304
7753
1504
10514
4740
7820
2739
8754
9254
2633
6630
254
11317
7386
12021
12245
4297
3625
1057
414
5317
4022
10123
434
7343
9266
3829
7576
1076
12385
11803
5101
8158
813
7526
2904
10691
5770
6866
12460
1190
10043
3232
6312
3729
7933
8724
11912
11021
9506
158
9778
4421
1931
5234
927
3584
107
2602
68
705
692
3453
343
9290
10689
3283
9708
189
9424
12038
3077
6672
469
1286
10851
10599
544
10840
1436
1955
4312
10804
4152
8100
11462
9133
7571
6044
1279
3757
11704
6123
7227
11294
6662
11688
7223
1700
8756
2074
5525
10132
4355
10350
9466
487
474
10227
11174
11517
5014
5539
8476
3357
6401
3910
3770
10492
2559
1214
4058
9363
8889
5321
12484
4413
1775
6899
1235
7055
10343
5002
1539
1029
9966
8500
2898
7326
9418
4983
6950
9744
4793
8540
8491
9174
7684
11767
11514
8709
1699
7434
12404
4788
11318
630
7969
5387
11143
7403
800
9859
1159
10229
4782
11434
7336
12277
3977
7973
6896
10342
1868
5975
36
4491
10456
3777
2731
44
7220
8191
84
5496
8320
9432
10798
3504
8675
489
4607
10890
4579
6800
10949
6595
7806
8119
2737
5882
558
4567
3733
3523
7662
1407
12438
8950
8660
7359
4389
9593
8543
7869
6330
4301
412
11657
11528
11277
3139
5800
6431
4418
6933
10233
1980
7320
11673
7848
4252
10508
4323
12000
1858
8933
2939
7445
9389
4716
2644
7036
8287
12413
2771
12428
5666
3454
9235
5236
3690
11722
6004
9756
5670
3369
10730
7018
11063
11046
824
9085
6722
6397
6559
2637
12450
1838
1787
6586
917
5203
11621
1429
75
5778
4792
9049
11430
11560
4602
1701
12060
2647
11145
12160
4188
5409
4693
2479
8160
7421
4243
5892
9938
2542
8199
7176
983
10470
1936
7766
5712
3069
12373
1949
676
11181
2969
7385
6568
10575
11658
5932
6613
12219
5583
12179
4936
9446
7224
10071
7552
6415
3091
6408
3551
10490
10945
5869
4845
876
11089
5769
6102
5961
12020
10684
9564
517
1183
10096
3645
5036
9541
4206
6059
862
9071
1137
2874
5255
11806
644
11558
3548
11323
9405
2158
6008
4559
9330
3259
9331
12276
4924
7284
1891
2043
5792
8214
2420
11944
2562
11822
3462
602
5258
11835
2845
3117
6329
42
6413
11043
6624
6578
3532
8281
12258
5445
11705
6156
504
2313
1670
8453
358
5989
6065
8086
10637
11611
9006
8854
11453
9401
10758
10826
11629
11394
4073
11902
7874
2224
11708
9603
8496
10755
190
9156
4406
6934
9764
10454
10583
5423
4857
11286
1498
6364
10370
9722
7508
5388
1628
7157
6671
8895
4310
685
1452
11637
10122
12288
9877
8268
11753
1341
9916
5176
66
4109
2797
4391
5164
3115
4240
8909
5304
12379
8842
4562
831
11458
7995
11652
10018
8919
10728
4594
2417
9468
4748
7179
8110
11331
480
3248
8224
326
1088
4655
1356
11008
11413
6166
11849
5117
2963
1012
6619
2929
3623
8599
10390
4259
2509
4229
1091
11669
3713
8548
579
8048
2658
12486
1084
11843
803
4631
2689
6767
6917
9604
10968
1673
4568
3646
5742
3003
7119
12063
6040
933
6913
8179
1634
6311
497
5273
6738
4743
4941
7929
390
8364
1288
11464
5331
4464
953
8420
12352
11732
1427
2154
8582
11157
4192
146
5579
1683
10974
10484
4624
5303
11154
3141
1615
419
2893
6952
11085
3825
4520
5706
6545
8975
1454
3135
8928
4939
11424
6472
10620
8294
9841
1361
4213
5283
8340
5360
10856
6822
3053
6088
11348
3439
2785
4147
6504
4515
8904
9617
11360
9323
6263
2831
3212
2619
6409
3112
9327
8693
6069
698
5449
7181
9794
486
12342
2178
3806
8146
2765
209
6544
3102
2758
8723
307
11859
3763
8351
1413
3774
7261
7723
10315
2699
7435
538
3891
4067
3515
9933
9272
3225
9207
9948
808
8489
1144
10654
2193
10636
9213
9154
7000
10412
7225
10220
3440
8057
3911
3123
11925
1897
9851
1364
6509
9485
7242
9029
693
10339
7860
6428
9919
5182
934
6292
8598
1651
10145
354
10493
2127
7002
10538
7167
4848
9940
4611
5720
1222
8000
1453
3567
9885
3930
12268
2521
7404
8236
6915
7143
8271
9293
2363
11860
6626
4123
12455
12029
1892
6490
928
9296
6404
4180
11975
10597
7807
1330
6160
11067
7767
9004
6633
5090
9025
12008
6621
8676
947
9191
9643
2322
11728
4951
7228
1951
2995
1033
1101
9920
11136
9547
3912
9537
11128
6499
10282
10780
1576
2027
4669
5640
10822
9273
9734
1195
5447
236
11881
9864
8474
1541
11676
10235
801
596
5461
2598
2627
6611
8821
9723
11570
5674
889
7564
7927
336
7271
637
7510
12319
3134
3464
8350
9490
7086
7911
6122
4217
4502
295
4100
6117
6535
5124
7375
892
2097
10438
1329
8684
2480
6527
3419
9358
10676
7274
2109
321
3303
23
5936
12294
9906
7149
510
6955
12213
5287
4137
2330
2327
9680
8426
1321
12092
9282
952
8460
2753
6710
5654
6515
4307
5547
12146
2374
8094
5267
690
4472
746
2012
6713
1718
5217
3247
2973
10457
3029
4279
1308
7197
3964
3243
9845
1449
247
4494
9472
2368
3679
2126
6201
11869
9143
11344
7463
3615
8641
6730
562
11690
9878
8004
221
8945
7299
7490
7292
3506
3372
6547
43
2930
7585
6873
672
2337
12066
10050
5851
6968
3720
1045
3611
5019
4273
1416
5873
7033
8885
7750
3412
12065
6670
5056
8982
10893
5492
3137
11164
6740
9713
3049
8860
1988
6931
3752
3255
7578
4056
11029
4961
8963
8452
7363
6963
3537
10991
8341
8646
9750
347
811
10963
6392
10486
3759
2585
8283
12322
8444
12041
12402
11509
610
11015
5768
4541
1233
3199
1748
5486
6176
2763
7888
10802
9743
11787
8221
12243
2284
6702
1907
9566
1505
11973
10765
5561
5557
2674
3853
9383
12208
3779
2249
5405
8586
11070
9973
12405
7845
4821
7548
2279
6848
1087
9981
849
4437
5691
9508
4535
8771
8718
10328
1096
8388
7293
1079
1578
3736
11215
348
4075
4644
3323
8616
857
11877
9097
1934
6239
11373
3256
174
10969
5199
5417
5363
1624
5832
11377
10782
11243
12163
8372
10180
10024
9522
1201
12057
1266
7073
8509
10556
10087
11694
2796
11268
10529
7680
3313
4953
1179
10593
9106
7738
6174
3285
8913
9818
403
8870
4015
7374
8901
8194
3568
8855
10745
2271
4285
8916
3216
1207
5444
2548
7074
5973
1679
1040
6923
8124
8920
1431
4319
1627
11260
10192
7310
6022
1961
11131
3065
6539
7984
4814
6556
777
2958
10012
5607
7664
7646
11566
4551
9164
4492
5652
8439
9499
10667
8652
8568
6651
3886
6242
6622
8890
11165
3013
658
2047
3709
5011
2294
11878
1221
6736
8090
11617
7189
8043
6414
3786
11777
3012
6381
10716
6900
5558
3438
718
9704
10713
5732
7054
11281
12104
9586
7075
7160
5241
2992
5841
2176
3929
6524
666
329
109
6466
4668
1005
9261
7937
6884
8653
9529
5502
8932
9740
11402
2298
8379
11857
10866
4747
10213
6820
2924
11091
2367
6580
12320
10300
8594
8008
11278
1866
2034
3539
9840
4256
1531
10878
7688
2439
5629
3375
7113
3517
8893
10873
5186
6907
4922
6204
9594
12071
1382
500
7835
11667
11497
11765
2496
7524
11179
4219
3722
6548
7736
4258
10842
4311
7001
4928
10787
6807
7366
1705
642
7644
8302
10618
12376
5152
4469
9773
553
5959
8626
11254
7604
9945
835
7906
2833
3667
1606
6849
9700
1588
11885
11713
10634
3131
6202
11660
7694
9897
11083
4620
106
8316
3905
6973
3971
12387
12434
9636
7634
9067
3943
2221
12130
2287
6189
3035
9145
3368
3078
4400
10760
11590
4507
72
4397
10733
603
10261
10786
12488
4618
10920
8639
3196
5799
1729
5487
3068
9737
4554
9686
12370
12485
3784
6501
6639
7811
1405
12073
12135
4586
3040
1898
6577
1135
7467
4829
11630
4660
11041
2715
2189
9754
6657
8603
2525
2281
1424
4930
7610
9875
1778
745
8915
2137
5687
2028
1879
1075
10516
7982
1972
10099
3816
11551
10624
3939
448
7841
6356
6967
10700
10918
12279
3994
6978
3594
4151
6194
10003
2634
4506
5559
12349
1206
6860
1545
8107
205
2836
5351
8563
2429
3093
3758
5653
7449
10202
5383
4942
4482
7639
1134
11680
443
3337
3613
4736
8611
4539
6193
9731
442
4799
9653
37
10212
1672
2597
1304
3894
5613
7503
8558
2697
7420
647
9070
5429
3882
8981
551
5698
6132
7677
8451
4949
10046
7804
2909
12396
145
809
4874
5876
11870
8967
9510
8246
9647
1914
9031
10901
6776
5776
619
12266
2612
4205
11768
11724
2840
2257
9269
9237
2415
8857
657
8884
4561
7466
2029
12005
2974
1236
7843
1563
3514
6343
11561
1368
270
10140
3682
6597
12077
10307
7350
9410
3547
6433
7663
4549
4826
8063
11918
7135
