7360-
9559-
11559-
3070-
5805-
2038-
7664-
4104-
11542-
10604-
7408-
10419-
1156-
857-
10018-
11103-
9491-
1980-
9660-
11467-
11957-
10089-
3128-
2139-
9396-
9671-
4580-
4794-
5854-
9438-
7834-
7647-
3356-
7858-
7643-
11372-
2673-
8545-
10719-
11459-
3751-
12070-
22-
3227-
4595-
8713-
10945-
2148-
8298-
7043-
6106-
10909-
3600-
11019-
3401-
9059-
4729-
8294-
4032-
3986-
6975-
11418-
8924-
10648-
7944-
6978-
338-
5879-
7931-
11189-
9335-
11864-
11632-
5402-
689-
3081-
11638-
3758-
3114-
7228-
10281-
8900-
3478-
7042-
1200-
8027-
6144-
6061-
6711-
1354-
463
7337
6281
11715-P
2507
3685-
962-
9547
49-
5671-
9448-
5416
8876
5810
10973
10301--
9634-
12278-
66-
5210
3599--
6764-
2480--
5516-
8909--
12162-
2874--
2370-P
8537--
2341--
6916--
12132-
609--
4809-
7430--
11288-P
11133--
1724--
4779-
10514-
5495-
12365-
9194--
7888-
4278-
1433-
9241--
5350-
10166-
4696-MN
9374-MN
3284
9764
638
2580
3659
9819
11154
10667
11982
425
5292-
1099-MN
6893-
1208-
12133-
5801-MN
8458-MN
6810-
6120-MN
4945-MN
12154-
7459-
9593-
12242-MN
6417-MN
11427-
5081-
1412-
1386-MN
5848-
7109-MN
6699-MN
1132-MN
11438-
2338-MN
5789-MN
5550-MN
464-
6454-
1773-MN
10066-
12479-
10423-
7991-
195-
10765-MN
4473-
5680-MN
4378-
4687-MN
3116-MN
360-
12202-
9917-
11059-MN
7591-MN
734-MN
2823-MN
7992-MN
2211-
3793-
11870-MN
10078-
7938-MN
12144-
9254-MN
1129-MN
10944-MN
7383-MN
7682-
9892-MN
4864-
6092
8010
3302
6897
2926
90
4811
1214
6784
1986
7263
3027
9158
5149
3515
6528
6278
2578
3661
2884
4108
1711
4156
11718
11530
4644
2055
2534
2518
9499
8594
7460
5973
12234
5221
3327
7531
11824
3268
2205
1861
10892
7949
11170
1944
5635
141
9057
55
809
6554
2687
238
2647
9353
4557
9616
185
265
5170
3209
4581
8365
795
10982
6747
8204
271
10983
3073
11178
9075
3366
11620
6163
8006
8473
6751
393
10768
11042
4317
10913
12374
6972
8167
4074
8088
8907
8739
4670
12454
3321
10629
8330
2394
357
6098
7903
9611
1420
2044
11272
8328
2258
1428
5471
8226
11067
11046
1238
1464
12124
7395
1581
7984
10481
9927
8501
625
8837
6357
2996
8212
10852
467
678
474
6489
10503
10606
606
2770
3177
5836
10942
6694
879
10215
5675
11202
5131
7873
10654
9746
7315
10776
10068
10416
11150
7981
192
893
8915
11111
7101
2880
9989
11049
5218
5044
6599
7329
6961
4217
1771
12176
2672
4651
666
1297
4121
3688
10844
2234
9530
9162
11710
7438
4231
11960
7269
9552
4099
2665
4175
3929
4424
2178
4183
21
3834
11184
8906
5358
11480
6660
1364
3198
1217
10328
3760
10050
10849
8190
676
4766
1457
1138
7218
1819
2217
6646
5644
8660
8463
5009
3823
1758
7568
3335
1824
5345
2242
10908
10923
11511
3082
2948
486
12125
6171
4103
8592
10306
7972
4213
6029
7583
8064
12426
8092
2396
1496
3175
410
11485
9729
11726
2824
6459
9837
1631
820
10887
8977
9078
38
8268
9583
4730
6228
955
9105
350
11689
5941
7902
1408
9657
10085
12469
6863
2265
6143
11892
6129
9990
10147
10390
5788
3622
2436
10990
3857
3597
3614
7608
6324
11648
3494
5329
10818
6920
11665
8839
7641
1737
3274
7730
11705
2095
8815
7739
4671
11828
6407
3800
9126
2764
7073
5252
5477
5359
6378
8247
1929
4710
4089
8192
2758
5734
2984
7495
575
7047
10214
6181
6797
8059
8410
10794
4292
1868
7763
10729
8600
7169
4650
3714
8918
2946
11447
5101
7534
9581
11643
7393
785
11524
7107
881
10569
4073
9476
7251
10739
387
1471
11386
6043
12169
6737
9301
8878
6556
1561
9299
8134
10007
2533
7819
9347
8009
8782
3044
3847
12325
10355
9134
5466
12324
10072
3463
5099
10237
4095
8382
1401
735
9192
11527
5583
8675
1843
10585
8911
1894
1825
122
12045
4907
2184
8929
11822
6022
289
12342
1130
8348
9602
7783
12187
7181
5970
2019
8408
9100
7771
9782
11487
1349
2047
7450
8440
2244
11280
4514
10574
2109
7190
2747
10904
9636
11700
2327
746
3502
11753
10330
1029
4227
7475
7120
11926
8979
10345
6343
9033
12057
7316
1834
2018
8572
11636
7718
5643
1534
9307
6979
4496
10160
10668
3030
3989
3951
254
7746
8901
867
8587
6449
12212
3991
3527
2415
10701
2116
7548
12310
6409
6392
389
10840
4635
8819
8702
5211
10689
11225
7254
863
6795
9026
9094
3604
8477
5369
6237
6393
715
2979
9703
7184
4880
7288
2059
5386
46
10022
3411
7097
7326
2646
6644
11350
1772
1152
6813
5873
12035
11400
1965
9802
2250
12095
11012
10708
766
8129
7610
9392
3240
1788
2627
4185
3873
445
7446
11990
10470
6812
8981
4429
1638
2266
725
12062
4046
2993
9549
9313
3901
8121
7928
9010
5491
2559
3766
6425
7562
7698
5484
1774
226
621
4966
5219
6830
1405
9229
10967
9118
6851
902
1689
3663
587
9501
5143
8881
3309
3037
6654
9722
5154
635
11320
6892
3339
12261
12232
2282
9737
7807
6503
1269
2180
10188
4497
515
2809
4691
11025
10005
9796
11696
3504
581
321
8379
12252
11882
9421
5118
8407
3987
3011
6306
11756
1093
11010
8419
1275
2729
6467
4200
5880
745
3736
10963
10568
3263
5031
1906
11210
8102
3860
8879
6433
8089
5567
8903
6887
8078
8193
12049
7985
2213
7948
10025
6902
8503
6524
11989
6880
5969
958
8230
8531
8706
6559
1454
12484
1981
4526
8866
12253
2952
4590
6084
11235
11434
12096
8384
6050
9109
8147
5176
9974
143
5361
1171
2846
2898
12243
988
875
12268
8963
5744
5803
4105
7002
11984
9929
9923
9218
12366
3149
4712
1776
8306
11425
2009
6511
2590
10707
10584
1887
9689
3898
5867
5761
9089
6166
89
6909
7585
2919
1031
6160
8574
1182
6225
6397
2357
346
9312
3060
942
1989
10670
9171
1873
4828
4694
10986
3375
8471
9921
9579
9783
9211
11232
571
4600
9419
7580
327
4186
5632
408
2600
12435
3554
10977
5132
1368
113
12088
6376
8441
510
7371
994
3323
8828
9358
3119
4212
12014
7960
6035
7666
12276
7056
10159
5140
294
904
11190
9756
5042
10721
7034
11044
4824
10062
4031
10910
1945
4406
2450
9043
1786
3728
10467
10065
2501
5105
2596
8090
6482
8770
2040
172
5124
9654
2951
1748
1350
1876
4909
187
7525
1091
4861
3957
11986
5739
7462
7627
9720
5911
7498
6405
1105
11677
7308
6898
3695
6787
4937
10455
10392
1417
779
10751
6213
652
9912
9515
5501
7501
8225
2353
1245
6387
6495
2570
961
10556
7821
1556
3621
6451
3048
3158
2748
2537
8270
7160
8649
601
3627
7054
370
6695
10041
6761
10350
83
1948
10149
9003
8749
6239
3215
6679
3216
10536
4493
12264
1716
7586
3251
4852
9068
8975
6288
8076
9065
413
2992
112
1442
3350
10435
9234
4958
335
95
3748
614
6846
10001
1787
11547
2412
12216
2606
12135
926
6322
9131
1328
3464
2444
1829
2844
8343
5750
8931
11036
4999
1194
2060
10128
1489
803
3435
11857
6713
765
1201
414
8678
1707
5979
3782
5418
8568
5301
8318
5872
5695
9561
2322
8457
4534
7468
2272
3533
5430
5264
6614
8431
6462
9426
10817
10848
1006
2838
5239
8124
8974
10413
5986
6356
8493
11194
10614
9048
872
774
2652
794
7386
7979
8062
7119
6925
6386
4618
74
3697
574
5888
2303
1912
6206
10621
2989
3170
79
7154
11022
9898
3255
5116
9487
1982
9853
6915
7041
3
925
9934
6942
3312
5106
8951
4415
4817
10051
4791
9555
6401
421
7374
10478
10880
9440
8173
2605
528
6586
2861
12220
7204
8115
11589
3711
4490
11860
998
1161
1740
3798
8087
4900
8380
8287
4097
5994
8068
9040
1387
2641
10231
5906
1589
7046
1043
4210
9030
8356
11186
10142
7123
4569
4756
6650
3111
596
11650
5523
3921
6597
7833
6427
2300
12337
9833
6598
6377
10122
671
361
722
6186
7723
7356
812
5559
7390
6912
9431
4354
5881
6615
4725
3680
11283
5133
6458
3741
4420
11080
2064
9199
2680
449
137
5187
3201
12306
11634
9020
4438
8049
10145
7078
8672
5034
10476
2551
9865
82
3576
7060
6672
7103
4502
7167
2857
178
8339
2635
8669
11851
552
9529
8277
1891
4827
11501
1932
190
3001
7575
4357
12318
3354
3104
11910
2912
2138
7307
12134
7857
2441
7671
12497
10489
5760
6362
11895
9757
9325
3623
53
6077
8447
10798
1569
2146
7576
10625
10680
9754
1845
7667
7092
8331
10552
2731
7946
4521
11722
2104
10803
5762
5783
7000
9768
11371
28
9502
2998
6046
6710
3696
8566
11921
3032
11326
1506
7055
11373
7344
9699
9227
9999
5130
4439
5271
3427
5946
3164
10247
7735
11861
3850
2633
6026
11963
9117
7976
6613
1037
3315
6291
3376
8021
9439
10491
5991
5611
2601
4681
9920
3931
1540
12054
7249
8386
12314
5868
6953
8788
11395
10088
7121
585
7155
10600
11100
2042
2206
10335
3325
1053
1302
8189
8740
6153
9571
6000
1087
12271
10814
8966
5365
6633
7022
329
10598
96
8073
5050
7805
6865
11533
10472
6121
7779
10772
2716
2464
8846
3734
10957
8899
9038
4540
6877
7049
9375
8653
4592
5455
4220
9881
2768
2268
9845
11382
10641
4003
5933
5528
8666
12477
11856
964
10473
8178
4029
8007
2991
1143
8698
4455
11192
10157
275
4785
8149
2324
8280
12150
7279
7069
8154
4807
11329
8436
3660
3631
1687
2424
8216
5247
553
9423
2204
1300
4
850
7875
12245
2028
3353
980
9789
12022
11375
1311
6342
7021
6949
2459
10460
7257
797
8580
12498
9175
4648
10378
2497
8361
1858
2532
4605
4283
1135
12304
6546
804
4655
10502
1863
9152
880
4611
1497
1663
4381
3610
710
2914
8641
8285
9848
10426
3132
7871
5660
12475
4334
10632
8564
4972
4364
2711
2
2825
6999
7891
8946
11409
1573
6088
12208
11257
12347
1041
935
2485
8288
9267
7952
1097
3687
3712
2277
11711
8581
3995
1967
2237
7826
5586
11750
6639
7918
63
128
5927
11151
10592
731
1854
8693
7710
8055
6568
10175
9214
9948
4870
7571
7306
5508
9727
3360
199
11917
8956
10151
12421
5599
7935
10675
3826
9640
2003
4777
12437
593
8742
9276
9888
5282
8699
5630
9745
890
3213
1591
2101
131
9073
7148
3190
7402
3628
3805
6760
11250
547
5652
5720
3461
7044
153
11502
9698
5104
3460
7727
11544
6564
2076
10531
11714
11443
9310
1743
6156
11621
5020
11942
9736
5982
6610
3682
10560
7906
7247
5866
6498
4018
1056
10959
2001
9890
6533
1954
1234
3055
537
7327
2203
5631
6361
5965
5715
4535
10338
10825
5380
9526
3994
3602
11962
1963
10992
8758
2744
10208
7566
3107
6758
11292
8625
7900
7865
10987
729
2604
10459
11798
4868
5135
5857
9112
937
11258
5161
3365
3584
7892
9826
3865
7927
3264
10703
10038
12392
4877
9976
5195
7863
3099
3206
9398
3507
9646
1322
2588
9690
1247
6882
11567
4294
7150
11455
8695
1076
9684
1616
11877
1702
2255
3879
1379
3836
6336
7846
3405
11775
1988
12450
2256
5568
1291
534
4896
6463
9650
4385
10532
5285
4855
5293
11394
938
1396
4305
10168
2548
6837
7382
2524
9197
1250
1940
7617
963
1334
10581
2200
7725
1914
7765
3731
11310
6847
3397
7486
4055
2815
9225
7868
8267
7760
9070
6448
11887
10223
6076
5367
3033
1331
5958
10660
3262
6269
332
3729
6080
5769
352
4280
10938
9605
7883
308
10691
11561
7732
12012
97
5646
4741
2456
11062
10235
756
10894
3947
2363
4739
5174
1846
829
2113
6245
6510
2728
9180
8787
9649
11630
10507
10487
1582
1987
9871
8955
1532
6058
6619
10067
2822
7423
6223
1073
11843
7762
2868
11432
8215
1265
10366
1478
3121
5348
6055
4253
9085
1085
6366
9585
9262
439
3414
6883
8772
278
3077
3979
125
135
12284
3493
1888
6122
1474
2285
5094
9793
2369
8577
12099
7051
4700
11850
8056
6620
7945
10106
8507
2397
2683
11853
2819
6517
607
1537
4586
3042
10091
1925
3885
7665
8755
576
2523
1886
8865
10213
7310
10141
10057
8423
11393
9932
7304
4126
4366
1070
9740
3386
11945
7879
1691
4991
6990
7925
4677
887
6198
12043
209
1761
4530
4271
5514
8497
2894
9799
10046
6289
9667
4485
556
8976
12358
12145
4667
9717
12112
6173
10640
2046
4322
4168
7289
1332
10812
1154
11118
10523
6811
7357
11166
1606
2106
5865
3657
7766
8050
1815
7198
5612
154
12399
3159
6932
1142
10497
4630
11206
8867
5319
10422
10098
1916
2859
6453
2620
7291
285
5767
2452
11060
5798
6805
257
3391
10312
1562
9166
10869
3942
3410
7319
9787
2776
4450
396
7998
8223
3670
10207
2554
10783
12308
3195
11316
93
3513
2616
4697
9268
4088
12311
8842
5506
7796
9370
7804
9133
3212
12460
118
9532
2126
5110
1146
10624
11338
5172
3641
7869
8368
4021
10134
12138
3764
9543
5787
9811
1943
7860
7262
10496
4593
11071
2036
2856
9928
2403
640
1796
8685
9665
6635
6268
7702
2361
6395
8070
11495
5374
3937
1536
4229
11576
8832
6165
9586
1729
11032
4619
4781
5623
7553
8553
5198
8395
4024
7733
750
1089
916
6854
12074
3521
6555
7841
7692
2500
12225
6256
4858
12275
1731
4913
4465
9805
6976
4447
272
12067
8413
10665
6732
10705
1604
6845
10453
11662
10697
1277
2843
11898
3910
1902
1817
889
9608
8008
8676
12102
9983
7613
6475
4952
10563
11334
3785
3426
10952
5097
10704
7385
266
2245
1921
3656
3755
3700
4588
2625
3677
1933
6523
3546
11590
4840
1831
10260
3975
11497
11265
1526
2740
2445
4189
11183
12019
11404
11239
5535
10510
5781
6391
3756
7179
9084
6833
2107
8548
3586
11267
8442
11820
4646
9663
707
8013
260
8086
8644
8551
5845
10103
3343
5838
10449
1212
11854
196
349
9083
7173
1096
1997
303
2634
8623
8429
1979
8151
8234
12120
3065
10875
11132
7012
2632
5352
10906
3446
8763
9797
10996
10367
7146
10884
12065
6508
6070
4631
11925
2910
7694
7533
6496
9701
4621
4705
7838
4874
533
7274
5790
7376
2651
11792
4203
9786
12360
10262
9919
9283
6514
11388
1380
3018
6862
6801
8575
9503
2722
7672
10143
3864
6500
10544
2630
3984
5792
9622
6488
4394
2151
7355
5980
4853
9567
7836
12317
10337
9099
6789
8558
11746
7837
1369
1747
10450
10745
9349
3638
1618
4264
10347
7222
481
9077
11647
7277
7206
7297
1883
251
4744
6127
1543
9523
6577
9899
1549
11587
8690
2615
9641
1206
3926
3939
9279
11604
6712
8636
9598
6028
4594
8228
4585
4243
3196
2593
1259
8681
9360
11588
6039
9832
2639
9160
3023
844
5344
8057
2330
10583
482
12055
611
9771
253
919
5703
9857
2147
2173
6224
9365
6806
8705
9836
3897
2560
2149
11598
1617
1460
4616
10806
156
10060
4560
2275
2179
2195
1870
2279
1314
1362
7654
11484
6095
4717
12061
4396
4218
3950
12240
8982
7673
954
1397
1813
10853
5588
1090
7100
4683
10635
11553
3866
2736
4988
928
6048
8933
11813
5932
5938
3174
9390
10387
1455
2563
6270
11230
9424
12238
10277
4166
4005
8677
5786
1007
5123
10420
10241
6398
11703
9319
6939
4541
6929
3702
12380
3567
378
12020
7497
3945
4494
9790
5578
1289
1649
4639
3283
6443
6937
8957
9144
12482
1476
6047
9961
10949
6595
7955
7292
10760
12030
930
11424
4198
2114
7322
11129
5817
11550
1656
9592
2489
5084
7194
7986
6460
3833
8110
1475
3152
11348
10364
6622
10722
8248
8962
11880
11517
9274
2552
4146
11094
9610
4854
4688
8255
4657
5040
4106
9041
6384
975
11285
1372
10652
12001
4704
3952
1866
1385
12180
3062
1833
9260
9964
1126
11343
7405
7096
4215
5816
4693
7942
8231
1847
6102
2013
4940
11522
1019
5988
10144
1358
3880
11123
1962
11694
2014
8411
3367
8616
12213
3626
9930
7223
415
11212
11914
8399
1867
5633
10389
5751
805
10464
8188
8990
6901
371
11697
7866
4417
2164
7410
1223
11977
4574
945
7851
2801
10981
9122
7351
319
8870
11228
3163
4341
2154
12018
8236
11920
4369
11594
5642
11058
10927
7713
12017
10430
9619
6885
2430
3075
6690
1338
7642
4274
10096
11468
2814
1147
4617
6272
7313
2901
6723
4303
1035
10822
6310
1766
11185
12217
10417
11452
1341
6829
2355
826
2908
10851
147
639
4732
10664
6002
3606
11681
947
3634
11164
4713
4132
11392
943
10039
6285
8401
6671
4570
10191
1145
1530
4480
6534
1187
1403
8771
10916
6956
12079
11385
337
7520
5712
9765
11494
1469
6698
2049
8822
12186
573
5461
11137
6244
12344
12329
10132
9962
5940
6116
9016
522
9369
7646
2435
8994
11609
10322
6234
7854
8262
7216
3703
6919
4734
9969
3078
10140
4254
6756
3095
6139
1666
6921
8271
4010
5571
3544
1133
11805
1974
7178
10225
3086
7543
12152
3398
7599
1690
7233
11125
1429
9445
4279
6594
8886
3438
8621
4625
8096
10177
10626
1841
7649
1450
7815
8508
5072
10351
8
4823
2817
5677
5004
9594
4722
2294
4011
1713
6766
11944
10608
8590
4665
8195
6141
11635
4993
6964
1320
6669
2949
10246
4716
11297
1213
12448
564
5910
5904
6522
12224
11347
7108
8578
3109
3888
4916
11251
5733
4678
7029
5934
2528
6162
6600
9596
5177
700
7066
5846
1017
3423
5950
5237
3185
1909
783
12389
10004
9507
276
7963
3976
6305
927
11215
11365
10623
5883
4083
4401
11964
1479
11514
8970
2498
10276
3716
6168
9533
3384
12039
8111
3047
2666
7922
4881
6807
9546
4348
5859
12481
5619
12160
3409
1044
5999
11389
7885
11660
12353
6273
7504
10594
7207
11009
2376
6839
7559
11574
9354
3652
12031
168
7138
3246
11619
6796
10173
10725
1717
1127
10758
3814
12177
1966
7560
5512
560
1347
2721
8768
5013
7270
9044
10787
12086
1360
4500
8868
8029
1567
9115
8658
8781
3208
10152
11203
7081
627
188
1667
12066
5684
5288
6304
10360
1522
10571
2947
603
3778
8058
7996
3337
10362
5368
12416
6358
11256
3608
10447
1363
10079
10349
9230
6214
23
1448
4872
10316
10049
3299
6385
2297
344
5898
12229
2944
37
5875
6243
1205
9259
7964
565
1597
5003
10672
4362
9415
2972
7068
2088
1462
6212
1684
10669
9185
2246
12404
9625
8346
8767
2132
1092
446
10903
12313
10858
7958
11795
7433
4518
8014
6416
5483
645
5605
10245
3816
997
3647
1937
491
8604
10290
897
7644
5297
4077
2054
3496
1626
3990
417
7145
2420
12301
8220
10528
10505
8944
4469
6938
3886
1934
685
4249
6388
3452
8829
9204
1514
5981
5548
20
811
2293
4130
3336
6803
10136
5157
7855
8266
10856
9510
7404
3907
11616
2032
784
6010
4258
8461
5294
6057
2607
8045
8300
11095
10611
9281
12328
10071
8016
7982
11760
11555
6230
8997
9809
7663
8844
2308
8252
6768
870
11416
4475
2970
4634
10709
3331
10854
10573
5891
6325
10636
5220
9651
11018
11652
6977
1018
9541
2788
3197
8760
6571
10506
5114
4177
3890
3575
5185
9264
7799
549
723
4689
8898
7008
5689
2295
10263
6717
3625
4251
9766
4205
4649
2437
5395
10439
5302
9086
2519
6332
258
11279
1484
7778
3988
9612
6021
9191
10928
6255
4545
4998
10991
6866
1351
2710
5558
6275
7980
3579
9859
9008
1283
657
3799
11744
5383
139
11241
2015
7232
2344
3326
169
5673
3739
7135
3232
10841
274
11109
3005
7769
2062
11583
12346
6973
5222
6279
427
9386
8074
1074
8130
6535
10715
9950
11787
5236
11581
6101
1151
11220
10385
9959
2505
1079
252
3301
11844
8536
7464
194
10819
11260
10519
11913
8415
2756
8877
1102
6826
3794
1752
5763
4143
4355
1959
851
10373
1803
6678
4136
2594
2547
2390
469
114
956
7010
6296
5447
5757
2287
10833
5399
3582
7213
7530
11223
6300
186
4226
10756
9604
11321
12333
3307
11532
4310
5469
11344
2418
11811
6107
10107
1736
12330
1696
6202
12129
8556
2439
9139
3783
9285
6563
5600
9378
8394
8191
7890
9149
618
703
9554
12123
4865
6014
8496
6518
3266
7205
438
2831
2065
7824
2273
10305
9425
11816
11422
1262
1757
7500
12357
3601
9320
4199
12291
683
4513
478
5549
12375
647
291
8561
9700
9407
2565
495
3272
1830
3993
6271
664
590
6575
3079
8880
6714
8164
6658
7597
4022
4023
4538
4179
1849
6819
4370
11676
8919
9817
740
7417
5740
7003
6675
9801
3934
6926
3985
2034
2891
716
7224
5171
9240
1039
67
7817
11387
1592
3035
1413
10661
6786
4453
9774
5426
11876
92
10785
4075
6400
237
12021
8684
808
5584
2762
5856
9509
9321
8776
8071
1714
3538
10931
8612
762
1593
1659
4259
12367
10029
5240
743
10024
6191
899
2099
4425
10837
2048
1324
98
1480
3603
10190
10240
1439
5023
7352
4332
4418
9494
1706
7300
2023
87
3169
3648
9904
1109
1919
9232
10663
5804
2542
8777
8849
7604
5162
10303
5752
6873
6004
9693
7033
11802
6365
9418
7359
5709
2769
10226
9792
3843
1447
10526
892
10494
4399
5499
8988
12321
401
5939
8310
1753
8019
2360
1781
7282
12161
5290
10962
6351
10795
4701
5935
828
11023
10855
6051
432
3992
374
9047
1381
4382
4891
10671
7407
2790
9931
10486
637
11528
2774
1718
8435
967
6959
5893
5312
754
4956
5391
5259
6779
6045
4758
12037
7652
12210
3045
2757
6588
4965
11442
123
10555
3090
2466
9514
4154
1998
2755
7336
12189
4390
8524
7886
473
457
9658
3563
6137
7186
3127
6995
1574
12002
7122
11114
1416
2599
7153
6544
17
9572
5705
5812
7094
677
9215
8474
6497
1312
7988
2320
10087
2389
10810
367
570
2251
8746
12080
9387
3348
5617
3683
12113
3804
10365
10682
10579
8341
1741
2007
3689
2712
3747
747
3681
12467
12146
5774
1810
8389
1990
4626
5433
7555
11213
770
3713
11529
10888
7391
173
11040
5843
4709
4160
1395
4920
2961
4819
4079
9248
10224
3550
8170
9087
5533
10480
6891
6444
9626
7414
2895
4128
5062
1112
444
3658
5324
10975
12013
2356
8730
6993
9123
7187
5827
7110
6053
726
1436
179
1779
12026
10832
2128
8920
3253
4460
7775
375
2367
11833
11979
2288
7678
10321
10309
6260
9691
8689
9589
7243
9949
11772
3643
11243
7696
11825
8144
7812
3735
9924
9009
9247
11384
10864
6030
2118
6515
218
12455
11054
2100
10847
11845
2422
4643
4327
12142
10717
11359
7795
3825
4839
8069
9639
11688
2870
1224
1488
4719
7200
5561
10777
6334
5317
6572
7429
1553
1481
2269
4040
3479
213
8378
1950
11836
12436
7661
6958
7365
4987
12143
3050
12183
7421
498
2858
2271
10484
4786
4037
9076
5007
3709
1600
7114
8984
895
2473
1443
7558
6066
5053
10344
10124
10972
1242
6516
12319
10083
2490
4474
211
6936
3706
10861
5864
849
2767
3088
5651
1326
3721
1637
2374
10989
9459
2705
11797
9188
2954
466
8738
215
5206
11126
2928
8534
8830
10465
6994
2892
4718
8017
310
12489
906
10431
5414
11318
6249
2236
8026
1316
5366
11881
2231
1630
9683
1453
4685
1107
7521
6653
1890
7785
2851
2121
3059
8163
9818
11238
3124
5707
110
1418
7342
2777
9913
10570
9666
3428
6890
1375
7870
9560
818
11075
1576
11104
10339
8172
1021
12250
7286
1365
7828
4127
299
5702
5885
11605
7124
7220
8218
8586
5678
282
1880
9203
9916
6441
10034
4241
4139
856
10035
11004
6701
2750
10980
4606
6748
3166
10300
1742
1697
11271
6219
957
7480
8718
9938
10414
8999
7162
2024
9686
11055
11355
8197
4654
4321
4131
793
2192
11460
11670
6951
9850
4225
1791
9339
10075
8470
12449
4933
207
9752
11780
7556
4070
3120
7427
6583
6246
1391
8114
12491
3830
10323
10897
3935
10434
12470
3179
2429
1799
8359
4604
3243
11085
9975
11884
2654
999
10616
631
5831
7278
2521
5771
9023
8282
5079
10167
9642
8240
4810
6292
4102
6477
8707
2372
1735
1367
1754
6983
11112
8813
7397
9747
1215
11181
8971
9891
969
9588
6250
6922
8679
5876
6992
8183
10929
12423
8385
7832
10162
11325
2597
5724
4544
4207
9127
12060
302
5142
10318
10320
8239
9769
8824
5896
12119
4155
32
2222
11809
1907
5026
2869
2243
379
8523
668
6408
3320
10238
10019
4157
11832
10181
6280
2568
7380
10273
1011
9882
801
8301
10535
10466
1647
7453
10838
9394
10244
7449
12241
9345
2166
5775
3108
8159
6375
4015
301
11859
12348
3155
7401
12004
2336
5308
1968
1542
10588
6486
2807
5983
5014
5069
1654
2402
6480
1004
1795
9327
973
8242
873
8377
7229
7813
4028
9060
886
5167
94
6551
10400
5151
11886
9447
617
1550
598
4555
2220
5087
6276
10193
5437
4325
1445
6662
5184
5923
3717
11764
896
5353
8885
1421
959
6218
7905
2916
7089
2052
9081
5833
9488
6907
8363
1889
8894
1051
1098
2257
8928
11323
7018
2141
2379
5150
1877
4822
5474
11148
6023
2263
1072
11568
991
11064
7333
9106
5993
11595
5850
10286
2592
4550
11702
9725
1366
7754
5357
1756
2431
12199
6505
12335
5708
7053
2791
5032
6655
10297
5196
9876
9356
3835
2562
1473
3620
8896
11201
10127
494
8892
847
7212
8203
1237
2804
3771
10677
12483
3792
7539
6333
5404
6578
4113
6
8349
3406
5522
6924
9896
1409
9808
2971
2187
6974
5320
1657
5653
9576
1030
2169
6104
9128
8243
11899
5638
4176
6772
11512
7634
1081
8697
7188
11736
1900
8696
12396
1738
2214
11999
903
1084
9205
1075
9767
72
2407
11692
4316
1719
5038
11465
11591
11275
8161
7660
9355
1346
2053
1515
11043
2887
6360
588
12302
3876
3774
12059
2043
3520
11311
1088
7876
3007
6494
6152
4019
1705
8481
3345
6814
695
7260
2718
8851
3666
6419
10045
10293
11147
8845
4755
171
5389
12040
7606
3644
6735
9878
10315
7745
4042
5546
10358
1402
8160
7978
1960
2558
9246
4848
6355
8156
8873
1184
8295
7129
6034
9839
6200
4219
1763
5318
10228
5233
4410
8869
4770
1249
8683
241
3098
41
2549
11724
6303
7441
953
6512
1153
392
8542
3374
7077
8137
7082
8279
6744
3727
1459
6998
1769
3129
4884
8020
9685
3046
10979
4237
3222
5415
5995
5573
5517
9236
6773
8973
5826
651
10933
225
2700
11757
1557
10097
5493
11290
690
2849
6755
4478
2792
6652
3768
9228
3838
8803
6791
10296
366
10960
8513
11397
5467
10100
4760
7440
1282
2304
5753
2648
2679
12058
5482
7798
4658
4787
1186
8105
674
10878
3932
430
5342
9868
5887
3484
3870
2089
9382
4702
6284
3416
4505
404
11543
9148
10591
5687
1122
3072
3668
12201
405
219
9261
9968
8639
9463
3977
10999
854
3595
4430
5443
5243
7202
1101
5918
3097
8608
7912
229
10291
1700
10524
10522
9780
6418
8635
6627
6119
6917
12384
9473
10104
790
6889
7457
9198
8800
1660
11941
11938
4112
10800
1371
8054
10217
7477
10288
3040
3724
12336
3389
2584
4763
7895
3871
11909
4300
5664
7332
11087
12047
5815
8784
4356
8848
11356
11713
9544
9564
3415
3437
9277
2696
11613
1501
9223
9311
12406
10567
10379
5912
10728
7171
987
9979
5679
12370
8002
6430
7280
7864
6843
5122
6025
507
2351
6776
130
8462
11119
7776
7677
12156
6703
6513
6485
4275
2820
3192
11244
10882
9173
6525
8889
11121
11081
12114
11426
918
4797
3010
5355
7208
8603
6090
2292
7076
7839
1309
7681
6471
436
3875
6436
2223
6673
8709
3514
1086
4368
9545
9061
6330
8662
11855
9963
6771
7523
8665
12309
5676
2943
5102
3500
4008
1941
914
7399
4140
5593
4930
2440
5968
5164
9045
7840
3443
7853
2855
7753
8464
4598
8484
1240
3148
12334
3535
353
8541
10418
2130
8599
165
11219
6148
4967
9901
1193
12215
2987
3848
698
3404
3420
9163
9323
6968
10442
4129
8199
4772
7774
11412
7242
12463
1785
3400
9877
802
6131
10951
4695
1049
4495
5432
2702
11866
8093
9469
9762
71
3096
6301
3618
240
1792
2733
615
8719
3453
3884
11566
5
10357
3878
5937
8390
6264
8432
6820
11608
825
3525
8942
3963
2782
3373
2354
12462
11695
4030
9470
5953
5330
10219
4080
4924
9332
4411
3066
12445
1440
450
5541
12181
4330
7276
4170
5901
12007
7136
3486
11406
11496
10801
1885
10673
6509
297
1295
5385
10427
4735
7622
10850
8246
3839
6259
10779
3607
7175
9314
5975
3616
11492
7547
492
3949
4174
8595
4923
8875
8969
9350
7999
6592
2162
10331
6188
3761
1361
9851
10529
4523
1303
6003
2105
12263
11900
6952
10607
3854
551
7361
8613
4158
7157
6867
7614
227
11421
4977
9620
407
9638
8601
2860
5589
6721
6800
7248
7067
578
7519
5134
10081
11305
8914
10757
8723
11565
11026
8421
4925
4629
3730
865
6450
764
7258
7030
2677
6980
12456
4628
5985
4291
9988
3259
2727
753
6372
176
10566
5768
9813
5035
894
7909
10695
6946
3142
4467
9244
7621
10845
12000
2862
8297
8422
7343
9193
2167
8284
11934
84
10101
330
11891
12343
6240
4928
5614
2798
2033
2176
11450
4470
3505
11193
911
1117
8539
5759
4477
1340
70
1607
9508
3667
1461
1028
8077
11728
1878
11667
5921
3491
4584
10914
8987
5674
10658
4171
4829
11639
7330
6855
6871
2569
1805
7339
11264
1159
3699
6411
3969
3541
10272
11936
12218
2766
9340
5362
8075
384
3413
8283
4911
10836
5821
264
9682
6415
6834
5554
10492
642
5163
386
687
5560
3467
314
2449
2477
2102
3225
7806
11584
11430
5711
4094
9825
10731
5849
9222
10842
6455
10488
6115
3740
355
7937
8238
5126
11276
3526
6590
6184
4934
11410
3310
1308
2602
3777
9481
11896
6038
10995
5511
9531
8505
102
4653
8108
5649
11226
4559
11749
8011
3194
9456
10171
2555
8650
1621
6680
8269
1415
11149
6329
372
1744
295
12297
10646
11035
6016
4195
6785
10919
1725
6636
11006
2550
686
6192
3543
8722
8478
3381
8737
10063
7904
5544
10932
5920
1285
730
6060
8634
1927
8736
6229
10771
7331
5925
6808
2686
2835
5696
2350
2031
12111
2541
10508
518
1579
3328
4989
9410
5136
2368
9138
4307
10792
7526
12459
4342
8904
3161
504
7026
5510
727
10482
11038
3598
6456
4954
8863
6308
11294
10993
3927
2988
3112
8393
4623
12397
10761
9846
362
983
1255
2706
7635
4795
4596
5377
7158
471
7797
8264
799
2834
11179
10044
6664
7321
10948
12403
12003
10211
736
11546
7369
5784
11162
1278
10457
3421
1437
2432
2761
2772
2697
8996
11629
1839
2110
4242
11537
4761
12273
7389
7507
9466
24
7687
6478
4482
3394
1225
9940
9025
1723
5093
4562
10595
5886
3349
3322
3617
944
8222
54
2872
2074
6314
12028
1840
7398
8253
4950
1190
3271
10230
10266
6657
10644
1806
9960
9275
1192
12270
10702
673
7968
724
7235
6853
8741
5258
4061
11557
10557
11814
12140
807
426
11781
10209
1580
11575
7956
9573
10647
7767
3056
9858
5592
5915
4372
1298
6625
1181
1917
2027
6164
6220
10180
2248
5145
2904
3454
12492
619
10052
5019
5456
7791
7953
8051
8712
5978
4995
2377
5435
2589
10174
5068
12371
12178
11879
2387
6258
6293
7901
3144
7967
1634
7426
10920
1243
10131
11789
3624
8747
9847
4591
591
10135
9662
5916
8354
2404
7287
2359
6282
3295
12368
5692
10440
9867
7255
855
3583
6117
8533
8468
8031
4813
7411
3776
12464
11846
10733
2713
11974
9216
4182
11414
10622
4058
10118
2753
6621
8913
9753
9364
8779
7080
11863
1529
6422
12078
9437
665
3592
5668
4875
10799
1210
1865
3022
5683
6257
1465
10055
6094
8433
8136
10645
5417
10603
4792
403
339
9944
1720
9202
9271
5505
11933
6825
9088
4169
9420
373
833
6859
4445
4666
3338
7032
2968
8412
12418
11209
4041
3239
1625
11739
10463
6118
2347
11191
5818
10889
6792
2284
12193
4484
6499
9052
1611
2235
10516
2175
3941
4376
8751
10412
7152
4638
653
3305
7789
7111
2443
7940
7721
3534
10813
7416
6579
390
7835
326
5814
2732
4793
8757
1613
6895
8104
11413
839
203
2144
3485
3247
10750
8615
3786
8752
12288
4087
9637
3571
6457
10407
5828
5412
2502
910
5590
9971
5966
11124
5037
1622
1020
3961
6074
85
12198
11376
7409
4961
3849
862
8208
4844
1590
6371
10666
11893
8202
6175
8308
12236
3524
8315
198
4642
7192
1254
11140
11729
4416
2681
9116
3710
7127
108
5305
8023
8852
10937
6373
3051
11312
6683
9328
977
6502
3457
2514
3071
6063
3297
4762
11208
8593
9235
11286
9071
8469
2289
12387
6966
10056
391
4537
8701
733
8964
10302
10921
11980
3156
4609
9954
509
9153
9977
5990
11456
1509
10154
714
280
6341
2022
1646
10898
7320
6848
739
1482
11362
7529
8671
12244
4946
5022
4759
10113
8687
9656
10605
6543
8094
11231
4265
9351
2511
101
5929
2557
12458
6402
7005
7451
1777
8680
25
12408
8219
9096
5755
10565
2221
3487
4567
3646
12195
3188
5316
3083
1390
9161
11014
1727
1176
483
1486
8307
11505
1434
6778
8391
1005
10499
1956
1704
4536
1260
4661
4056
776
2448
4994
5075
11173
6109
2878
3165
3788
5343
1884
1271
10013
11586
317
11098
4458
5542
1257
8317
9496
3665
11336
1852
6056
6472
4246
960
600
6069
7358
7131
2092
7920
1466
6821
10298
12412
4359
7345
11755
6702
2190
12011
1903
6345
5398
2071
9376
4796
8153
12050
2208
3635
831
4973
7939
8633
5325
11429
12024
284
7782
7215
3547
6696
9288
5046
12259
2850
6236
11066
2751
1643
216
1901
4749
3807
10710
10578
480
5527
758
4561
5370
4053
6730
2617
10196
9866
2093
6637
453
7490
12233
5306
1263
7623
5381
3832
3432
1726
11115
885
8233
3123
3258
263
9367
6323
9333
10376
9172
7281
16
4970
7434
8165
4071
11003
12100
4298
1802
2864
2143
5947
6412
10258
10589
5268
501
8012
1508
10734
11072
5080
11211
9562
9615
7302
9681
763
2917
5015
365
7930
1404
1844
10542
3775
8985
5103
10549
10971
6643
6750
9548
3306
2981
5411
11642
4914
7910
8454
5902
719
9716
1976
1141
9483
1872
3476
7761
10749
6726
11644
104
2793
4101
4017
8576
2312
8256
9029
10688
7831
3556
9465
9072
4815
12258
1248
5730
1400
3357
527
256
1911
9835
2090
9886
2969
12023
1463
8529
12009
3456
6309
2123
6850
11142
5731
4832
2411
9412
6252
4636
7481
6024
5658
5620
4114
4753
6666
6382
2165
5036
682
4775
7711
12085
11943
11996
10471
9435
9427
7379
2927
9557
3642
8624
3498
5502
11872
12068
2218
12415
8835
1045
4135
11607
11073
767
5152
7
5387
9302
9146
4147
7965
8864
10912
6962
9098
4517
4111
12170
11291
8841
7203
6519
6067
11596
2400
8991
490
2371
2612
773
8312
10352
5420
1137
11221
5423
985
5074
9504
4456
1110
2945
5464
2657
5422
6469
3028
9095
11915
461
5552
7601
5419
9252
7512
4020
11767
9791
4262
75
9031
12211
583
10872
7861
11174
8482
4742
12376
7669
12411
2207
8340
3795
2797
7377
5166
11912
6822
2688
3924
9910
6174
5065
10922
10609
2194
9812
2802
7800
10475
513
3923
2676
1444
3053
4463
10955
5266
3076
1046
8605
1857
1751
3877
11560
12172
2897
2940
7025
8133
11307
5595
9289
1121
4800
3184
11379
7788
11490
8162
8544
7458
300
8521
6072
4566
2280
7951
7570
6266
6364
4873
9621
3690
411
12290
7466
11939
1059
9341
6686
10940
8182
496
6989
1565
2465
12149
1722
9807
2553
10871
9187
3844
9255
5665
9177
11229
658
10511
1292
751
12053
1430
10433
307
7452
5532
2737
11160
6557
5998
6363
1270
12430
11672
5262
6315
5096
782
4976
2813
1655
11894
7149
11353
5628
9357
6374
3069
11352
8235
10509
5579
9329
971
7874
5194
6874
2455
4109
2170
7933
6157
36
6836
7142
2496
4309
11954
5645
4747
6287
163
10023
9874
86
9035
10550
3920
9723
9776
4340
4960
1167
1750
5878
3228
5563
5659
12151
1034
516
1708
1305
175
10493
8940
2346
8434
7144
5230
7227
2675
485
752
4236
8155
6483
5513
8141
340
7625
4551
5250
3745
8883
9966
424
8302
422
2614
5802
3092
532
4027
8250
11655
9884
5155
660
10763
8801
7884
8487
2982
140
1507
10059
6608
5551
4892
10866
3289
4773
3074
11504
8500
1958
1382
10711
8293
5553
520
10730
8950
9221
1935
12147
10102
7106
10411
8259
7808
2966
6337
7151
5188
11470
2886
3904
8651
2228
7143
11363
4206
333
9715
8947
12204
7164
8042
324
9590
5457
3673
11541
1441
2708
7273
10030
2877
8024
8555
10586
12196
1780
9580
1414
5291
9219
243
712
1062
8402
4172
7549
1199
6190
12254
9164
12386
4659
8325
10130
7845
10040
10086
11645
2749
11029
132
8560
11197
7773
4959
8091
11878
8254
11437
7915
9748
8211
2433
1633
4984
9170
7201
9472
4107
3039
2137
5834
10053
2661
2932
3981
3490
12034
12248
6840
2056
1120
827
4897
5354
11499
3762
9705
2959
5919
3257
1422
2720
4573
4148
9388
10891
8688
9951
11084
10764
8559
7237
5199
699
9384
10917
3143
4360
3974
10324
8392
6041
5209
6815
2674
8854
8798
3034
7515
1682
10250
6767
4449
12191
675
6709
11163
11136
4769
7743
8527
10601
6532
6108
2168
7037
1222
2704
4361
160
1952
6948
5518
6782
7362
5089
4472
11624
1294
5283
8404
9411
4520
2298
2626
11478
5840
1762
10740
1114
9635
7403
5562
1323
11217
11319
1939
9582
569
9372
5869
6857
5729
4323
4162
5300
3403
418
12166
7697
9711
5656
8711
5957
2572
5793
1821
2174
12339
11535
5400
8968
3676
546
4519
4057
8181
11007
3139
11907
2198
11
5997
3329
7250
821
7444
4276
8778
11134
11199
738
7038
6651
3230
7619
325
1588
9018
5029
6878
3810
12326
7514
9732
11889
8278
8667
5189
12260
3881
10401
4091
1495
8960
4365
298
1701
11646
12094
7679
11039
9895
2863
10317
3738
11139
8263
11341
1356
4679
4903
6769
10633
8142
7165
696
10043
3471
11444
4941
4471
3061
8567
4301
5406
380
7117
8397
2545
2386
11838
4335
12272
6731
12027
5041
10105
475
10718
7850
10082
4674
11627
6075
3822
8726
1431
8303
2278
9413
3449
9091
134
5809
8995
5452
1670
11610
1650
3542
5335
8498
5862
11819
5877
2742
8364
11520
6277
8691
2621
9012
1256
1095
4062
10170
6354
10368
4238
525
2249
12235
8890
170
1055
4408
1301
871
4682
4389
9957
4304
4442
12158
1575
180
7916
9151
5397
12159
3041
909
3899
608
10200
7470
4917
10114
7285
12246
10790
10329
10525
3726
9873
4421
3900
3318
6111
8818
5773
11666
4124
9489
462
6793
8858
10762
4859
222
6037
4905
6158
4047
7941
5719
8371
3765
10404
3828
11259
7881
6424
5529
269
3803
2965
10907
2133
9097
10133
1895
8326
1770
555
5048
11656
7557
10138
6668
7366
1848
3632
7508
8954
3425
8372
1680
4801
861
2290
2458
487
3333
9380
12282
10895
5204
1585
8494
7829
5488
1984
2509
1344
9441
4552
10314
6203
8502
3057
7630
1584
4392
1558
11602
8015
9253
2658
2975
1163
12383
7137
8367
3036
10109
2694
1599
6596
680
8637
7268
4910
6461
1014
6817
6629
10216
526
5808
7680
4842
5576
10438
5758
8628
8345
6638
11661
5667
11707
11668
5076
5766
12487
4337
9539
4403
8802
7898
7889
542
1568
5534
9304
8148
4867
3511
11948
11868
4532
11976
10939
9006
1241
8912
2291
11761
12338
2319
3016
8941
4715
4281
3509
11131
10253
5108
1419
2745
6641
2778
9403
1165
8986
395
1898
6605
6167
3469
5829
2058
3364
316
6688
12046
6432
502
7057
11420
11790
4296
4652
10003
6311
10746
6827
2332
10530
3290
236
1801
7461
69
5112
9290
5260
8834
8694
728
3049
12010
7715
3737
6970
7997
9393
129
4964
10108
7719
1211
3470
7554
2828
3451
7419
6105
2197
5028
9925
2008
11065
12402
2717
1913
3355
312
2479
4983
3588
6209
628
7378
2499
9872
5225
11807
1106
1851
10576
5095
3859
10678
10712
4825
10997
6763
9842
11328
5299
1272
9763
8314
4084
12451
423
4981
9518
3893
5091
11078
1359
5747
10421
2787
9309
12425
8838
8821
2253
6753
4915
2226
5489
10458
8998
9591
2392
5372
8557
6640
3818
2960
11509
9985
11261
2719
5180
9601
10815
11011
8727
9326
3063
4888
1538
10618
0
541
1065
10405
6754
9997
4138
7348
12322
1572
11216
7050
2810
4980
11472
620
1327
11791
9981
1677
1174
7755
428
1789
8334
6428
10495
883
4883
7607
1598
7239
11324
8511
3537
7659
4331
913
8596
5917
4720
5407
10199
5613
4837
10256
3008
4504
5078
1288
9520
1343
4778
11815
9024
3824
1930
5717
10947
3244
3954
10684
1544
221
2495
11784
8992
1992
3895
995
8579
5479
3531
5364
4319
4684
8166
5051
9967
2423
3591
9779
11200
952
3371
11262
4542
6507
5475
2478
5295
2331
788
2529
5394
1512
10551
6059
4345
7070
5570
7112
1578
4204
10129
3983
11488
9648
343
9926
8316
6788
11903
7919
11105
359
1008
10631
3199
2339
7749
9032
12036
9114
3038
3218
9863
3522
8765
10964
5485
5615
9936
9436
8642
6338
9324
11885
2962
4690
244
11402
10699
3217
1938
7882
10395
11690
4454
381
11582
7317
8244
5214
7537
1669
5146
4209
5021
2811
3210
5736
4805
6954
2188
5754
3772
11572
34
4059
2384
11175
1026
9414
6484
1232
12316
4539
6176
941
11971
7065
1915
5203
208
5215
3024
12205
11704
4446
7893
2172
4509
4245
7724
8082
11949
2644
2021
2486
6941
5961
7639
7810
8627
4413
8783
6426
2923
5743
8655
10382
6319
11534
4686
1502
5160
7159
105
1739
5314
8519
3769
2690
7852
4178
2725
2461
126
3370
10121
9485
5500
5526
1198
8209
8355
8888
4347
9755
8198
10287
9408
2470
8005
1253
3691
2127
9618
8336
9535
9993
9478
9103
4510
5272
8700
768
6531
11327
1284
4622
1746
10613
6504
11734
9037
5289
10545
10415
4423
2160
5085
9442
7894
10978
11699
2487
1155
8552
5861
12222
968
1842
1052
12345
7943
1
9273
5924
3182
4912
121
10437
12029
12174
10396
3801
2155
255
6914
888
1603
4344
2212
10169
7301
5018
8179
5284
5232
10881
9208
9046
3300
10498
2522
8406
8176
2885
4582
3442
7472
2936
8424
3204
3555
5158
9941
5125
7926
6624
3466
7517
6541
9952
6172
10642
2682
5043
6189
3863
12369
9869
9822
545
9728
8123
6757
2698
10165
9511
8097
11441
6487
3779
2153
11545
4957
9034
12090
11551
6649
1498
11207
7703
7546
2150
7425
11873
11679
8774
3669
1768
4511
1173
5119
7314
11263
4899
11849
1859
11826
7134
5434
9810
8535
11975
6491
7141
9226
1678
12223
1493
907
4039
1329
8825
6442
7396
884
4194
3211
259
8891
1319
1449
5092
11070
1855
6749
12303
2754
8143
3390
201
6274
11752
4831
10902
363
7572
4086
610
5909
10123
39
1136
3304
7245
8321
5598
10805
10028
4125
2816
4270
8146
1139
5894
11548
6581
11074
7209
1733
1922
4597
3820
11024
10120
1668
11048
2301
138
10582
8732
3346
1040
12052
4788
9053
2252
5530
3093
4427
146
6169
11481
5052
8725
1119
5440
9334
9800
5401
3468
3815
6718
4451
9726
5813
12194
7063
7987
8456
4727
59
1764
8322
9519
7363
8152
11268
3856
5047
12480
1978
6722
9182
3385
454
2840
489
12107
51
29
2709
8520
837
1022
7581
667
2689
1218
1394
1500
4931
3664
9433
5427
11408
11082
2191
1864
9432
8486
10462
6928
12373
4277
5179
1012
7372
701
4329
3943
4386
11383
4383
3662
9694
7814
3260
2393
9145
9627
6099
8528
2481
9013
8214
986
7633
1063
4507
8036
7994
6765
11794
9574
9174
912
10341
709
11101
2428
7166
9363
10685
2311
6326
6125
6133
8139
6728
8491
11335
2695
42
1125
5597
8786
5307
5144
7244
6725
10183
2636
5229
12098
853
1352
12237
6261
1971
10879
9624
88
4285
6049
6741
1730
6447
9036
4082
6931
2305
4754
311
5899
6071
4165
7734
1778
8759
3286
10221
1728
8673
9915
6089
4167
11649
11247
4012
8465
8000
7293
451
9464
5303
11401
3362
5732
4736
1517
10198
231
1410
2637
8455
7483
12457
12153
1608
10820
9578
11701
12069
1304
5807
2663
10268
4391
10099
10146
9482
7709
3316
3153
2012
217
10380
7488
3911
8857
9894
8187
7792
205
56
2334
261
4906
12461
11783
1671
6693
5449
10280
2513
12413
12331
181
2902
2759
6344
1027
12359
10027
7266
1281
6943
4893
1389
12008
562
12340
10862
7017
8949
4068
2307
3936
8840
6934
9653
4324
10233
2406
9303
7611
5441
898
10477
8210
1765
8416
11088
970
1183
11476
8812
10176
2603
3629
4263
11549
7009
10753
5030
7856
127
10270
814
2808
6222
6221
2483
3324
8119
8734
6913
7325
3829
6844
11766
2995
1732
4871
5363
3508
3176
2131
10925
6468
4963
11156
12471
8186
8526
4602
2274
8251
1276
3585
10212
4435
11051
721
10958
3229
3653
2472
11237
1628
8686
8319
8261
11830
11812
4007
31
7323
11956
2624
778
9978
8128
1658
1230
8855
5971
2668
6684
7961
3930
8360
5825
3256
7494
11027
876
5444
5870
12294
11730
9887
8475
6537
8490
11233
2476
579
924
7950
8619
2125
7843
11614
3021
4533
12490
7088
499
12184
10767
11693
4318
8983
3118
2471
9067
11236
1571
5765
7118
7474
4407
7368
1071
11030
1378
7716
7993
5100
3150
3429
6299
5794
4812
9278
7420
840
3570
2041
6550
9468
4802
7039
6413
6804
5175
5557
3277
4856
9183
1377
8791
10227
7197
11445
3720
9457
8174
1827
6350
2070
10278
9409
9982
4612
659
6965
9102
78
7564
5169
10797
2345
456
2016
7872
434
6904
5371
12103
1228
2098
4949
8079
6091
1970
3137
9806
11016
52
8598
1826
8299
2140
9213
10048
6346
8518
2730
8118
3518
12108
3889
5323
9902
4315
10513
6380
3292
9147
3458
10218
949
3273
2929
792
3450
3294
1800
8200
4358
9251
2326
10336
6078
8037
8083
2890
9840
3483
10236
835
10926
4838
4487
8816
6182
7722
2847
3530
2136
7074
2453
5556
11992
8762
1856
10546
8932
2977
3846
5984
11685
8847
9735
4343
8357
9536
4436
1000
406
477
684
7699
10683
3140
5976
7589
4052
599
2845
8131
9293
2508
5083
2006
4748
4481
12312
6798
10687
10070
11799
1808
1973
8571
2526
6340
11005
1999
11835
7899
2796
3288
5005
10843
10002
9286
7493
12476
3383
11015
3913
8549
781
7007
11562
11224
1548
11865
10596
4790
6241
12428
780
11959
6945
12256
9154
9827
5610
3475
692
3235
5746
4462
8887
3087
649
11536
10690
11463
11747
1398
9449
3319
9434
11709
2692
6012
50
4266
1892
8733
4640
12277
11628
10408
4387
1491
5824
10727
11950
7657
8661
26
8337
3532
8514
152
5281
6552
11735
9362
4608
4757
12280
11020
2103
6818
8158
7704
4699
11031
279
950
6870
5141
99
11808
8453
11911
9629
11366
8989
3719
347
117
5565
3797
6339
8823
10876
399
7139
5055
1016
5473
3790
5871
786
9824
7878
3851
11403
3613
6215
1078
9207
9416
1185
2124
2401
11680
9056
6981
10284
3811
4078
7602
6435
6752
6861
10737
6841
6015
2247
2586
8480
5191
868
9322
6960
9875
11777
6894
2773
8257
4782
923
10454
7847
4380
5989
4895
7214
442
5216
10111
11340
4662
8547
1964
1516
2587
11092
12121
12478
7052
1775
1123
12372
12279
7574
1357
270
11751
6054
1113
9670
5049
1683
91
2836
4975
796
7447
9497
9712
9082
10021
10935
8116
1783
1518
4312
836
3407
3363
1871
3402
4624
3168
11796
3191
4282
11378
2581
7768
9647
429
5178
11664
9458
420
4554
4119
11633
1675
8785
5806
8350
4887
2660
12300
2779
8032
755
3944
7569
5008
11768
149
10259
6997
7442
10069
5059
11606
323
6138
5669
11793
7104
10363
2976
6947
5249
9450
2930
2512
4461
12048
11090
7093
563
7133
2030
8194
3317
452
12350
5273
11431
11120
2281
2316
4750
11218
4036
10627
4869
6677
10308
7328
6908
2381
1131
11539
4814
5109
7701
2567
5277
3506
10610
6027
8241
3915
6911
9714
8573
5721
4235
3094
10692
8281
11858
6777
10184
1306
10443
9110
7974
4515
3565
3172
8117
1483
1664
9704
7615
11446
11719
2873
11510
2629
12295
7658
4498
6832
9352
11651
4843
6151
6727
8897
1850
1874
1060
6410
5634
3287
8232
11955
8052
2735
2421
3226
5465
7048
9381
5242
3154
4333
9733
9937
11840
2219
1115
2842
2531
334
11985
7674
3134
5908
5248
8260
2525
7400
3358
6529
4221
4308
6542
6352
5205
10693
4572
6114
519
6745
11349
7605
1015
9575
9778
11289
6177
11769
5107
8249
3480
7079
9568
2134
2241
9542
5327
7059
11117
12051
7485
5963
10714
484
2685
341
10941
9443
2925
11000
7465
2073
8028
915
3549
11489
10032
287
3125
1266
5073
670
4349
9125
8510
3280
6349
5884
10381
8905
869
4845
9695
5016
717
5311
9614
7720
3291
10410
2349
9257
4663
2419
9366
7561
1411
12356
9731
4092
212
8607
3298
9577
2527
1838
6197
806
3540
4379
182
9784
7825
1505
4273
2050
3645
8125
1384
4780
932
9980
11461
8927
2941
2955
2362
3574
10425
3296
3131
2832
1307
1804
901
376
11128
8466
10409
4547
10393
10361
488
11361
2037
11195
3237
1207
1169
9011
9001
3523
2373
4134
11205
4546
12041
2918
4776
9943
10424
5298
10158
2739
306
8550
12466
3770
11462
10126
455
8472
10520
4180
11306
9428
858
459
6006
2005
1601
3855
3009
7014
5153
4675
11778
5410
2826
4656
9142
11771
7113
8460
1676
2794
354
8405
11144
12064
7917
8043
11068
6155
10429
9991
7731
12081
4733
3925
11763
8715
6187
3560
832
11287
10444
5438
2185
1695
6267
7267
11519
151
1614
5379
7095
4004
4457
4244
2262
2405
11967
10901
10332
9336
12219
2276
1882
3223
4054
4272
206
7367
11758
4951
10265
1160
3809
8790
6142
10325
6093
7563
6705
3894
11304
5582
6607
514
5033
10694
2494
12171
6429
2803
3369
4768
4033
11669
5460
9595
7482
5890
8132
4798
2907
8488
1715
3796
8584
5138
3012
2186
10279
4076
11141
7230
4374
2492
4985
3569
688
320
7298
10590
5602
5837
4947
4632
6082
11277
11508
1551
448
10333
10451
10251
1353
11803
529
2935
8862
11234
2329
5137
9998
5742
7346
3882
3589
3960
9017
7467
1905
9484
4516
2967
232
11983
3101
7231
11997
12283
6770
11579
9984
5269
8085
11737
1527
10000
3743
223
4558
5811
331
7595
2520
10974
12465
6706
8437
7087
6982
2837
5537
11625
4882
7648
12228
10865
2655
10202
12352
12077
718
4142
210
4373
2084
9168
1623
5723
3958
2442
3909
2795
9527
5749
6540
4806
4118
2667
4603
1615
5002
11829
9829
10445
9551
3417
9724
8135
530
10178
7995
9987
10319
2974
7428
11493
2999
3224
8398
10243
12179
7820
3510
12424
7102
2829
10313
1923
11993
2083
1468
6320
4479
1961
5139
8799
7246
7234
633
10483
1635
4090
2619
7422
5213
10518
4714
4601
8375
9623
4707
1310
12431
6403
12499
9880
65
2799
3852
8403
11451
111
11001
11069
3103
12349
6031
11972
1083
7006
11167
3332
824
8910
322
5446
10577
2691
1547
3655
4025
2939
11765
10736
1918
6087
5756
6526
5694
3637
6879
5439
6987
2238
8323
2462
3080
7061
7612
9130
5913
7437
5727
11782
6689
3918
11405
10823
11806
7432
8884
3313
12167
1061
10115
6318
8396
11978
8245
7168
2230
9460
8272
4491
4971
3000
12293
6110
12305
9540
697
3445
5276
4522
11654
7478
8305
2631
6383
4692
1330
6097
5972
11682
11994
9570
4006
12127
6238
8426
10890
6404
2270
3282
4645
5800
12197
10340
9816
68
2669
9815
6379
10561
8659
2556
4767
9721
5942
11315
11099
6988
7264
10283
12190
9631
11436
11157
9196
6005
737
4336
8347
4116
6783
7742
4002
1499
10759
7412
3205
4026
5697
12075
5334
1807
3378
7656
8452
2383
7970
8369
3100
10732
4038
2115
11433
9680
11106
7225
11449
6634
2699
3434
9879
10490
3998
5442
11299
3269
3085
11002
9050
7600
11577
2447
9696
7913
8921
3872
7455
11253
7509
9697
7532
4464
5356
5509
10254
11102
7822
9330
1286
10006
5409
841
3612
8004
7842
1104
2517
10074
6506
2678
12005
9444
2986
6704
8716
2161
1946
5328
2642
3529
7456
5842
2080
11407
10428
3281
7811
3474
3242
3905
10125
12405
4978
5847
4620
10504
10533
1624
10811
2413
4188
10870
6585
7431
663
4938
9284
2079
6630
9107
10539
9730
2899
4599
4894
5360
8483
9563
3806
5609
11390
10383
7748
6623
9417
7921
1175
3967
8449
155
1525
214
9113
8122
11368
4141
10824
189
3160
8201
7897
10620
12440
5661
815
5487
2108
1910
109
6254
8664
6205
4990
1472
1931
351
978
10657
11417
398
5519
267
8344
7584
3841
7590
4724
11454
6159
10716
6348
7707
5587
12287
7705
2582
5077
874
8836
1535
10774
3971
6199
6700
4067
7542
7132
9245
6775
2746
2978
12173
8430
11475
5200
1920
6991
2283
6367
2352
11531
10599
4525
1279
4836
8127
2267
11869
10930
2159
7752
9080
9401
9233
10346
7086
10354
864
6631
10371
12494
6957
9643
9063
3791
11663
7217
7296
1048
5202
12419
7764
11928
7670
5603
11122
3091
6869
9820
10676
7777
6569
6321
5486
2703
9296
9430
6944
11506
1261
2610
5480
929
1013
877
11077
706
44
10229
11953
11827
10804
11743
1798
1348
4434
2463
3568
4100
5663
33
7535
1782
3933
8611
11597
1492
4943
11458
9295
8980
6609
10058
8509
6996
11659
5494
1993
9759
1520
7609
9512
12390
2484
3481
6369
2310
8265
2827
2701
11601
4045
8731
3351
3754
2091
12257
4726
11270
5569
12378
4133
1178
921
2645
8809
10970
11786
3581
3422
4833
4409
9603
8180
10713
9566
1991
73
6145
3903
982
3462
4346
1924
580
6086
3651
5173
9906
281
6001
10547
7064
7693
976
10886
4564
9022
5657
9528
582
7261
8387
11991
9550
8289
1227
11322
9406
5490
277
3640
3750
7685
11351
5504
5820
3842
3715
4908
9054
6986
1333
558
12281
6032
11683
11483
4579
10403
10448
11970
11369
1619
2325
9391
11435
7265
11526
10327
6327
7177
6884
8035
2438
6584
9710
11057
8643
81
679
4211
11063
242
7347
6294
5930
8184
10299
8206
8038
7567
5346
8229
2468
8745
3573
3308
8754
10014
11314
11245
12239
11161
10282
177
7728
8735
8383
1996
9014
12071
4363
11138
2094
1197
10681
7130
2296
220
9798
11932
1620
6566
5725
4680
3840
5390
3477
6562
946
8157
11987
3679
2920
8656
5948
10432
8499
4501
12157
584
4145
9169
2876
882
5270
5376
2780
1203
12130
9600
5431
2158
10752
4885
7083
11041
7469
8540
11518
5156
2199
11841
10500
11466
5341
10885
11947
7211
2460
4992
848
8065
4060
6780
7793
6864
5086
11296
1942
11708
2467
1003
11742
12432
10968
2340
2852
3250
6886
3293
9140
11507
6604
3368
3590
2775
9452
7738
3202
7757
2163
4486
8820
10742
2469
12128
1140
6368
4093
6019
4328
12163
5777
7759
9186
9986
3171
11249
5472
419
777
4013
5735
309
12141
6589
6601
8445
2830
1793
10076
9788
9206
10998
12032
7354
10095
4647
11981
6923
7969
3528
1513
2409
8517
759
2643
10874
10976
9781
8807
5525
11331
9994
4269
2388
9405
9909
1545
9019
8033
8629
11448
2546
3372
7689
4377
12298
2707
4191
10047
5429
7128
245
5296
1745
9368
7522
7275
10860
4459
8427
7392
11242
9217
11875
1570
6149
9209
4352
10961
4703
7750
12496
1094
2760
7013
11961
702
8185
3115
273
10830
9718
11762
8717
2821
9883
5011
1251
1566
7072
11295
8861
1313
9400
4043
4851
9377
7983
5691
6720
12364
2229
4326
9467
589
7844
8515
435
3330
2983
2183
6493
11901
460
5647
1860
3245
1164
10653
11902
4664
1651
6905
9553
3489
11396
1893
10867
11674
842
11600
11188
4668
4123
5641
3135
1881
3749
10686
1564
12274
4164
2839
1446
5070
11540
8936
10662
9294
11423
7019
5604
1609
1066
1373
2209
5685
10452
148
8333
11089
9905
10924
5574
385
5672
4230
11564
10580
6247
5951
3130
11486
11554
368
1267
6656
6008
10479
3233
891
4968
989
8797
10775
3106
3344
5463
2591
6674
8670
1511
9861
3126
9455
9346
9
2865
6681
369
5234
1953
2664
1236
992
10754
3558
3562
6984
8721
1975
2398
5492
11658
769
2260
12104
12206
8150
10092
7726
4876
10637
9308
6831
12409
9655
5347
9659
1734
4799
12083
5246
11871
6759
6147
6113
7632
5231
1490
1042
7770
4351
4314
2649
8952
4575
9633
10016
11017
4524
4197
4660
6659
8292
3692
145
12394
6558
11471
8961
4051
1755
11266
2414
11940
7513
1712
9742
8902
7924
10541
3559
10137
11916
2408
5714
1642
8291
2544
11810
161
431
636
7594
10037
6591
12388
2202
2254
5622
10474
3896
8448
6708
9265
5421
1220
12474
7271
5851
11227
1383
4878
10119
8764
1057
543
597
1652
1024
655
4919
704
691
7015
9179
7180
8324
12285
3200
5279
1693
4499
8444
1335
5241
8446
8532
4063
9005
8175
2853
11108
11952
512
6466
12038
5384
5738
5608
4862
771
12262
3003
1290
508
6313
2157
10264
6707
10456
3285
11176
9852
1172
35
9522
8275
1196
2189
8276
9027
6331
732
2866
10150
5336
7640
3387
1337
1150
10969
4942
761
6161
1523
4587
8617
11252
11091
5470
2122
10289
80
11008
4784
1692
2039
9995
5481
9042
77
1610
2613
2985
1641
9210
6611
9446
11500
595
382
6394
8805
6263
1587
4752
8329
2881
8833
4371
7545
4252
8882
6170
8084
2261
7071
10359
11615
8080
5168
158
7518
8814
10966
2078
4673
3694
10988
9315
440
10558
11623
3334
2504
1602
12044
9291
1426
3136
8708
8967
2786
6298
6231
9493
3630
9607
650
5127
10094
8420
9821
5382
3908
12221
4256
9946
2659
9200
10388
103
2328
11377
8775
11738
4311
5063
5507
4918
8597
1216
6009
4850
10656
5349
1047
3671
5313
11834
3906
7651
8205
2348
11345
1069
2425
2317
10398
10220
6017
3029
476
12097
12453
7990
11779
2957
9028
8311
7176
8753
1268
11930
8196
6872
7962
7185
3455
11653
2723
2210
3267
681
6971
1814
4375
557
9672
4320
12063
7780
7848
838
2177
6536
5082
7334
3064
5905
11079
4982
9673
12377
4746
1111
4820
1032
2333
9743
12117
4159
10234
8376
1010
4568
4512
9841
10965
1749
3004
8041
7540
5943
845
10255
6739
8381
11428
3980
3572
2911
8663
1674
10391
10307
9947
10915
5852
8810
12269
10384
9708
3789
2337
5286
6150
5974
3006
7182
11391
10788
550
8274
1246
834
538
940
12473
8620
6734
5531
9862
6676
12265
9361
1424
9823
9828
12131
1427
4441
3827
2259
8602
11720
5629
3611
6561
3519
9453
10185
10397
9404
5745
11479
9992
5226
6955
5148
8451
5637
11618
3180
4302
626
2240
2313
6781
9195
8589
2964
6316
7959
2216
8224
5944
3151
6399
8993
1204
1209
6918
5280
12341
4939
10446
388
4743
1612
11817
5257
11474
9344
11464
10769
4196
5309
4637
12292
11675
1494
3973
934
11053
3252
6697
6396
11482
10796
5351
846
4886
8585
10334
8467
6545
10206
9674
11374
4422
10859
3359
8039
12164
2540
9280
6900
342
11569
744
9402
6085
775
6565
8728
931
6762
11785
9178
9516
4098
3633
6064
4190
11130
1485
1317
8538
8126
120
742
7075
234
3418
4492
9758
447
11927
10110
7085
6208
8945
5741
3379
7695
5959
8893
2915
4804
1374
6253
3580
8923
19
8965
11309
3912
11580
11107
7827
1955
191
6335
7418
1293
7550
11399
11198
823
2152
6479
5596
8443
9121
511
5936
8646
8652
11965
3314
5545
10261
12486
11593
7004
604
12251
3997
5212
1767
5448
4443
11439
7593
10172
5060
1531
10612
11342
3831
5832
10204
1009
3495
10348
11847
10893
3996
6052
6719
5780
2068
3752
2129
12488
2227
6183
8286
2812
539
11096
7370
6465
9135
8609
409
9569
966
1068
6665
10402
8630
3186
11631
10252
315
9282
10269
5088
11284
5253
9318
12137
8756
1180
10597
7862
4035
8704
4150
2818
9870
3609
10802
6178
6875
9159
4122
11214
6603
6421
11152
5693
6347
9120
11684
9137
8554
5274
11523
11047
7510
7596
1836
2323
11028
3382
7784
1681
5718
10956
2075
11317
6134
1559
2201
10064
10559
6065
7163
10899
10010
3705
6132
12136
566
1875
7116
4339
1077
12296
10468
1563
3214
8871
7199
2693
8761
3017
7989
5624
10008
5223
184
3254
12091
7744
1957
12168
8769
5113
624
5408
11033
5339
3594
6860
9066
11890
3553
6746
10828
9709
5278
1318
7191
4765
5962
12400
3388
6126
183
3342
3448
2193
4506
3557
7907
7091
10826
8843
6242
3193
12363
1325
12438
9739
11273
1546
293
4996
10831
6062
9397
1118
2771
9165
4216
5594
2364
6645
11367
4627
5120
6593
4014
12076
2225
4789
11804
6446
3146
9092
4064
10630
12087
10883
5700
3465
9688
12434
9565
6618
616
6868
204
741
9471
8171
62
9338
9051
6079
8099
5337
1258
9914
3433
2579
2800
11145
7505
3552
10232
503
2934
2990
5960
6389
5785
18
9687
11919
11748
7496
2085
11731
9918
8109
11995
713
5538
2010
7592
9429
2239
1067
8773
8040
1710
2378
7099
9490
1339
10117
11951
10617
5388
11776
10655
6251
7758
8095
10192
6130
292
810
7887
9055
8018
9002
5841
10723
3110
11922
1794
4672
4728
2958
8926
3020
9069
9348
5955
9953
5914
12093
10512
4299
14
11741
11143
5310
3089
6464
10743
9495
11302
7936
4412
2335
8342
4571
5498
561
6195
5217
6180
6587
5782
3497
64
7668
10249
6431
3084
7436
11904
10017
3787
9706
3965
2434
1639
3780
11516
2765
1709
7787
6154
5115
10770
10294
3587
9505
3892
8107
2566
5945
567
76
10638
4261
305
3220
11248
10780
2077
9900
9474
6473
6647
3517
3187
136
5823
1823
6733
5540
10548
12381
1458
12289
2714
1149
8066
9062
7714
5892
5027
757
9389
7189
9108
1879
1244
10189
6628
12267
7966
3649
1315
5706
6576
6790
10593
3596
791
9300
9079
7476
9395
11969
8569
2598
2622
11599
8476
11862
594
2671
632
10827
669
6685
2119
11973
8895
672
8780
4764
40
2264
3955
1552
4353
12188
3956
7098
10020
3261
12407
10896
10953
10205
5855
9167
6140
5436
4287
2416
2783
7803
11998
6302
1760
3013
6227
7384
5208
2656
7388
5543
5445
2145
9956
2608
7413
5468
2426
8213
8428
11281
12025
10639
3408
11754
7700
748
9015
5607
5621
1219
3447
2516
7011
2342
2848
6553
4240
922
11611
5521
7577
7443
1822
12110
6470
8047
10553
11800
7349
2120
2026
8935
4936
500
133
2135
4393
7849
3837
10163
6307
7299
9972
5639
1342
7058
2653
9538
2366
11498
7272
4835
3723
11113
9517
4711
2491
6492
11958
61
1811
43
12016
3167
7975
364
10793
4740
800
9750
11254
8720
9525
7035
5254
8856
6440
5454
8930
3654
12214
9834
3002
10406
250
4979
7161
1252
6612
772
11180
8522
3441
9004
2025
5585
1627
3067
1229
4508
5956
11617
6011
10628
4863
9132
4414
572
5728
7221
3444
5770
10954
10821
11831
9220
7170
1221
6527
11906
10786
10155
2937
6548
10042
2953
7303
3675
11240
27
6073
9000
7816
12116
10839
622
3978
5977
437
6406
12247
11278
2417
2004
9101
5261
8353
9212
908
12101
5636
9492
8714
2539
11333
12493
3236
3231
9830
8640
7156
10077
9679
10538
3891
5321
5688
11037
9632
4771
1064
224
10575
5666
1908
8506
2931
3221
1640
8450
119
5017
3650
6112
6842
6642
5197
8227
4898
1577
8485
3183
12255
5066
10696
6896
11398
817
4306
4901
12126
4428
9243
10720
1985
9297
6204
3732
12015
11673
9970
7655
3392
12395
3773
10084
10461
5776
5555
8908
1685
9668
1636
9250
7579
10679
10521
5566
7737
11929
6044
167
5778
1134
8358
7219
8177
798
1583
7676
6501
1629
3249
2670
6040
11592
12414
9702
2628
9141
12227
5670
11874
9104
3219
661
5737
3054
822
1406
7650
11538
1108
11837
8414
1784
12109
12249
11415
9379
4400
2215
12391
6742
852
5580
3241
644
4163
6738
3725
5650
8034
7241
9996
1926
9630
7499
2585
5992
3862
2871
3026
11332
4000
705
2515
11852
9524
11083
6136
7954
7045
3763
11153
6774
6549
4889
2182
12354
200
5227
7373
4808
6580
12417
397
8562
7335
8668
4738
9770
2454
12351
8648
10342
3605
866
3419
11204
5907
2306
4290
5895
4350
12209
1820
4431
1370
9451
4338
9270
2994
3203
11135
9317
3278
11966
7020
4289
11725
5967
7294
7740
8591
506
613
3399
10139
10311
115
7628
2299
2087
7238
524
1432
2002
9189
11021
7629
3708
1528
10326
10153
1686
5722
2715
3917
9760
5874
6083
11364
10009
10015
3482
9242
5863
816
7290
6179
9064
1790
5616
5121
10080
7653
12082
4783
8795
3853
5581
12115
358
3869
1644
12327
11774
9855
3377
2117
356
11818
10782
7253
1721
470
3488
1936
5275
150
5547
7772
348
1703
7528
6481
2900
6530
11182
1002
2805
9661
9843
1688
6838
11246
8804
5228
3968
4922
13
6207
9860
1648
4849
9597
8207
3303
11515
11419
5858
11923
9741
2510
4016
5304
5900
4395
10012
247
6729
7616
6439
4153
262
1521
1541
5648
9897
2997
1239
6096
9965
5682
7973
10735
10436
5713
2889
479
7174
7573
8221
9256
4120
5186
11159
3311
3759
3962
3577
249
10863
7859
523
5903
7338
7324
6560
2446
7115
1862
2883
11968
11935
7618
3545
6013
2309
3946
5428
1399
11686
10984
8808
10343
9039
11946
12286
3753
711
6211
8237
10031
10161
7479
5333
5256
11269
1809
8112
4830
8710
7463
2956
1951
7929
2233
3693
5192
10784
5058
11640
9893
5001
10950
5393
4049
9292
9958
9479
8948
3874
6967
6570
11300
8516
8525
8953
9652
2743
7717
5654
4610
11723
9422
3684
3867
8504
197
7487
5564
7295
3883
2576
900
5625
6626
4563
8959
5524
6852
8565
235
10643
10651
643
11158
10441
3265
6520
12472
7090
1128
12185
6881
4834
4723
5098
1555
3858
4085
4846
10540
2111
9599
1586
6068
4488
6437
1425
1058
8409
9287
720
1274
2503
7340
7126
9184
5010
612
6663
8811
1177
6317
905
6743
3615
3636
7195
1435
984
12410
1645
8859
1148
1231
2427
8025
5332
505
2232
12420
6018
8044
10649
7896
4468
5926
2638
9856
10741
5795
1510
8030
11712
10744
7551
1162
8374
4224
12231
7830
4948
5450
6858
3043
5322
4192
2066
6328
1947
10698
8290
749
1554
2789
7637
5039
8320
11770
10527
9534
4706
521
10562
12446
1456
7196
1103
48
7424
45
7435
8588
8022
11897
3938
8546
5496
1632
2318
4452
3784
11358
3352
6370
9249
416
10905
12299
10943
917
9074
4997
6423
2067
7631
7309
6816
2938
2611
7626
577
5165
5987
7823
246
10274
11155
11330
5822
7867
6715
6617
11622
4613
10807
8098
11883
286
11177
3539
2181
6906
1504
5699
5331
11556
1662
4117
535
634
5159
2538
843
11727
304
9454
1467
2781
10195
2973
3817
5618
3430
6930
2530
60
2097
605
6692
4151
6290
6123
5182
6606
2343
4223
6146
9316
288
1157
4144
8296
3501
2506
656
4161
7311
1235
4405
11839
11255
1189
328
6124
9176
10857
2142
3548
5090
8917
3234
8817
3578
3439
7688
11698
458
12441
7809
2061
11570
10515
5000
12230
9785
1336
4531
10781
9556
3619
1264
468
6573
8417
6235
4483
8258
2535
3279
2086
1116
7794
12307
2571
1818
10900
2738
9692
11525
1025
7062
1144
3347
2017
8729
2000
10773
2841
568
3396
3122
2365
6100
5315
6185
2380
9713
9644
9462
11169
10501
3473
554
8061
9795
5797
5577
2573
5626
5536
7028
2896
9343
11477
7620
1299
8001
107
9331
2734
4576
3138
5690
7252
9584
2650
1759
544
174
2156
11303
2785
3861
2493
7210
4731
10164
4974
2072
6888
4803
4440
8217
5681
5111
8583
5373
3499
11657
9933
12382
9231
7908
11821
4857
6940
11521
10834
4556
9049
3733
202
8338
412
1452
12429
9093
11721
8610
10738
7686
2399
2314
996
4708
7471
4503
4641
10985
3068
4826
7023
9058
11116
5129
7729
2011
4228
5503
9664
7318
9157
4921
5338
8622
3238
402
228
4426
10210
9907
10615
10257
3561
8512
7538
8724
6823
7675
2609
2933
981
7934
11867
8925
6716
6582
8831
8826
1853
10829
9513
12148
7516
10994
3503
3147
2922
1191
7503
3704
11337
11823
1233
8744
540
3808
5686
10946
1969
3031
5405
5183
708
7193
1519
3672
1869
1158
11050
3813
9399
4367
3767
11440
830
5267
11931
9181
10816
2063
4818
7541
6691
8563
5326
7492
7439
3821
9838
12447
9773
5954
6616
12139
6648
6201
10394
9272
2921
11274
10808
10634
4841
164
6567
8860
1835
7506
3678
3919
8618
586
10374
5748
10033
12485
6794
5606
8582
993
8352
9719
10369
6969
9119
8053
11172
6007
9498
8373
5201
10726
4001
4860
531
5996
8937
2171
3270
8570
9945
7024
646
7364
6849
9486
5128
4549
4257
4181
9734
11187
10026
4313
9461
602
9942
5235
9955
11360
193
2909
11056
1539
10846
4402
2391
9939
7880
8794
11691
3902
8806
3019
10809
9669
7524
5462
497
12092
9744
8796
12398
7781
2315
819
6602
10789
8606
5375
9606
9935
12155
11034
6670
7932
4578
4927
9373
3707
6547
12207
920
5238
6196
6682
11918
4232
7923
4384
9258
2942
11717
11097
10239
3928
8657
10295
3113
5640
7312
4932
1797
11503
4388
1345
4444
2980
8046
4247
6828
11282
11339
8492
9155
3058
9849
6809
5458
6265
9775
5931
10186
2536
10304
5224
12118
1393
10242
6033
8388
3412
2833
3922
7536
1699
5844
4433
5897
5147
6390
3052
6835
4466
5287
9864
7381
7588
472
9190
345
8332
11052
9201
3742
7911
11076
10275
1226
9973
1082
4926
12385
5952
6899
8703
1665
3972
7706
4234
3536
12203
11678
230
4589
8638
11473
3395
592
7544
1596
7747
5424
4110
3025
4476
4044
5057
12089
433
3173
11370
9506
9908
8850
12332
2854
5425
2577
1033
6312
4866
11301
5764
5497
7708
4676
3593
2618
3440
6042
11687
11888
11380
2903
10353
4293
5413
6963
7473
4745
400
8309
860
4152
8351
11453
10619
1407
8313
116
4607
11168
654
6414
2595
11745
4904
10399
4879
7552
9263
1321
5024
5478
10356
5726
7638
11171
6933
8425
7259
2286
9136
7691
2752
4528
7387
1487
8943
5539
6574
5704
7527
5251
2382
1899
9885
7786
4529
3431
9143
3424
4953
2395
6194
8750
2457
1983
4149
7598
12042
10469
3341
9007
3276
4173
5791
4437
3189
1179
12422
1904
7624
8938
11637
11585
10182
951
2029
11773
8631
5025
5451
3698
10791
1451
8081
11603
3701
11293
11513
248
5193
11127
10377
10370
5064
5207
3566
2879
3948
12442
10564
12056
6490
12006
9500
630
5006
7690
6359
12084
100
1828
4432
1376
6687
4969
548
10011
4583
9707
3819
9613
9628
7790
5067
1470
5627
5716
10918
9371
9903
5045
6910
5601
10054
5061
11908
8067
9298
536
8060
4419
7105
8489
3639
6521
7284
2662
2905
11924
8304
12105
3970
4069
11905
2924
9475
3207
4288
11469
1672
2035
6103
11552
12
5928
4404
7971
5799
2882
1188
7587
1560
12165
6036
3393
9305
1392
9090
7341
4527
9269
10748
6081
7801
5453
11937
394
1653
1605
9911
2051
4577
2112
8106
8140
8101
4633
7415
12355
5515
6420
3964
9238
878
8793
7511
3181
5190
9922
8743
11411
443
7084
1673
6724
9342
1170
9889
1679
10602
5889
233
4816
8645
10485
1296
268
6216
8766
3014
6799
5392
694
4233
3133
8103
5839
10517
5244
4193
5772
4821
5964
2302
9385
1661
7565
9844
7712
10267
10112
1287
166
12122
1896
12182
124
4065
8048
2888
7683
7448
7226
10934
11626
11354
11093
6740
4955
1972
11988
4295
6474
7736
7484
5575
3145
11706
4565
8327
4847
3914
10706
11045
3999
8438
9675
10
4935
11571
1100
12361
10036
296
11381
8654
972
11110
10061
3361
789
7375
12401
12323
4208
9156
11313
6438
1524
7240
10766
2321
1595
10093
6802
3516
5835
8479
9480
6856
6876
9237
8874
8168
10203
7877
2875
12444
10372
10179
939
2640
6217
8543
9587
8113
4902
11346
11146
1166
3746
2726
3141
9383
11732
8459
5591
7818
5779
7603
8418
4115
4201
11491
1280
2224
6135
5012
6226
8072
641
6286
3248
5263
8972
8335
2741
8853
7636
7406
7662
3982
4944
4929
1195
6736
7036
11740
12443
9477
4009
6262
11061
3966
1054
936
7751
8692
6445
493
4737
10543
9129
3551
2410
517
8916
11759
12379
2806
648
12320
2963
12226
10248
2488
7489
11558
2784
11848
4397
2684
12106
1994
5378
2574
2020
1477
12200
7256
12452
10222
10292
4286
3340
1423
3472
5340
10659
8614
4751
11357
11086
2358
2763
3105
2867
2196
4072
7305
4066
12033
7802
9521
7914
1023
8063
6985
4187
8792
5819
4214
1837
11612
3845
12468
6232
1897
8366
3722
10868
10936
4255
2906
5071
990
290
11671
2893
4986
11298
1698
8169
6283
9677
4184
974
9676
12393
8674
7977
2475
8495
5459
1273
3459
5662
4081
11578
12072
12439
5054
9831
7502
313
9266
9609
8978
9224
1168
7147
10724
1977
2451
3953
5853
12362
10194
162
9537
8370
8682
3564
441
10386
12073
11457
965
11733
6233
6297
1533
5265
10674
6452
979
7684
9777
2385
10877
58
4553
9804
7031
10835
11573
10534
6193
12192
159
11308
10148
3157
5882
5698
8273
5245
5181
2564
8362
10554
318
4267
9111
239
8939
4698
4050
813
10187
1816
1694
4448
7454
8958
3940
8748
9678
5710
12495
3178
9814
3380
12433
1949
8138
9761
9337
3275
948
6353
144
9749
859
10116
11641
8827
57
11222
6667
3887
6661
10700
1438
11842
6476
5117
4096
1355
10375
6248
2950
6128
2081
1995
5655
10201
11013
8872
12315
2057
693
4548
933
3959
4222
7741
9021
10778
157
336
3117
2375
4137
6539
10310
30
6632
4398
1038
8120
3686
4962
5830
2096
7957
3744
10090
9751
6210
1036
2913
6381
3757
4248
5056
4890
6950
1124
142
7756
5796
8530
5520
4034
4774
2082
3781
760
7027
3492
7172
7578
6295
7582
2575
4615
7125
4297
6935
9359
47
4239
10197
3868
9306
787
12175
2474
9803
10873
2623
4268
7283
5922
3512
7491
8647
7236
9854
7183
7140
8400
10755
5701
3015
9772
8632
1202
7040
9794
8789
1503
8626
10285
3718
7645
283
4284
10650
10537
4250
8145
11563
9617
106
662
383
6927
4489
9124
9738
10911
10271
9558
4260
7394
1388
2724
6824
6020
9645
1594
1001
3674
2045
11196
559
4202
3102
8003
4614
7445
7947
11801
629
11716
4543
1080
3436
7016
10156
1928
8439
5949
10073
2069
2482
1812
7001
12427
1832
10587
8934
3916
4669
5396
6903
5476
4721
15
7350
1050
6434
9239
10572
10747
2561
7353
11788
5572
5255
3812
377
3802
5860
2583
11165
8100
8922
12266
6538
4048
3162
2543
9150
465
5403
623
